0.523218 -0.85174 0.0279669 -6.37757 0.852189 0.52309 -0.0122925 -11.2659 -0.0041592 0.0302647 0.999533 0.0284573
0.52039 -0.853456 0.0284104 -6.00755 0.853918 0.520262 -0.012308 -10.6245 -0.00427651 0.0306651 0.999521 0.0262824
0.517554 -0.855164 0.0288541 -5.63736 0.855639 0.517426 -0.012322 -9.9828 -0.00439254 0.0310659 0.999508 0.0241066
0.514712 -0.856862 0.0292978 -5.26718 0.857351 0.514584 -0.0123345 -9.34113 -0.00450725 0.0314672 0.999495 0.0219306
0.511865 -0.858551 0.0297415 -4.89708 0.859053 0.511737 -0.0123455 -8.6996 -0.00462059 0.0318688 0.999481 0.0197551
0.509012 -0.86023 0.0301854 -4.52689 0.860746 0.508884 -0.0123551 -8.05791 -0.00473264 0.0322708 0.999468 0.0175789
0.506154 -0.861899 0.0306292 -4.15671 0.86243 0.506026 -0.0123632 -7.41625 -0.00484334 0.0326732 0.999454 0.0154027
0.50329 -0.863559 0.031073 -3.78661 0.864103 0.503162 -0.0123698 -6.77472 -0.00495269 0.0330759 0.999441 0.0132269
0.500421 -0.865209 0.0315168 -3.4165 0.865768 0.500293 -0.012375 -6.13316 -0.0050607 0.0334789 0.999427 0.0110509
0.497545 -0.866849 0.0319607 -3.04632 0.867423 0.497418 -0.0123787 -5.4915 -0.0051674 0.0338824 0.999412 0.00887444
0.494663 -0.86848 0.0324048 -2.67604 0.869069 0.494536 -0.0123809 -4.84966 -0.00527278 0.0342863 0.999398 0.00669735
0.491777 -0.870102 0.0328487 -2.30585 0.870705 0.49165 -0.0123816 -4.20797 -0.0053768 0.0346905 0.999384 0.00452065
0.488885 -0.871713 0.0332925 -1.93575 0.872331 0.488759 -0.0123809 -3.56644 -0.00547945 0.0350949 0.999369 0.0023444
0.485988 -0.873314 0.0337364 -1.56557 0.873948 0.485862 -0.0123787 -2.92476 -0.00558078 0.0354997 0.999354 0.000167572
0.483085 -0.874906 0.0341803 -1.19538 0.875555 0.48296 -0.012375 -2.28309 -0.00568076 0.0359049 0.999339 -0.00200935
0.48137 -0.875795 0.0355863 -0.80101 0.876499 0.481228 -0.0130066 -1.53974 -0.005734 0.0374523 0.999282 -0.00153543
0.479407 -0.876992 0.0324779 -0.402679 0.877586 0.479216 -0.0139149 -0.773371 -0.00336067 0.035173 0.999376 -0.000417752
0.478003 -0.87783 0.0304501 -8.09179e-05 0.878358 0.477745 -0.015739 3.76862e-06 -0.000731175 0.0342694 0.999412 2.41922e-05
0.476271 -0.878901 0.0264297 0.403297 0.879298 0.476013 -0.0157345 0.783753 0.00124815 0.0307335 0.999527 0.001693
0.475049 -0.879597 0.0252384 0.812545 0.879959 0.474817 -0.0148883 1.57495 0.00111212 0.0292815 0.999571 0.00554316
0.47361 -0.880341 0.0263375 1.22392 0.880735 0.473416 -0.0135475 2.37345 -0.000542163 0.0296125 0.999561 0.01236
0.472209 -0.881076 0.0269149 1.64074 0.881484 0.472058 -0.0121243 3.17647 -0.00202302 0.0294503 0.999564 0.0173496
0.471207 -0.88159 0.0276346 2.05759 0.882019 0.471064 -0.0118867 3.98653 -0.00253846 0.0299754 0.999547 0.0204897
0.469642 -0.882443 0.0270385 2.47857 0.882855 0.469483 -0.0123568 4.80094 -0.00178994 0.0296743 0.999558 0.0218862
0.468762 -0.882879 0.0280446 2.89947 0.883324 0.468551 -0.0140737 5.61621 -0.000714979 0.0313697 0.999508 0.0237355
0.467983 -0.88326 0.0290418 3.32431 0.883735 0.467802 -0.0131546 6.4387 -0.0019669 0.0318214 0.999492 0.027248
0.467863 -0.883312 0.0293888 3.75018 0.883782 0.467811 -0.00904491 7.2673 -0.00575894 0.0302051 0.999527 0.0342798
0.46842 -0.882977 0.0305754 4.17765 0.883455 0.468486 -0.00542441 8.0996 -0.0095345 0.0295529 0.999518 0.0431482
0.469596 -0.882273 0.0327705 4.60983 0.882796 0.469744 -0.00348943 8.93622 -0.0123151 0.0305683 0.999457 0.0460545
0.470794 -0.881604 0.0335695 5.044 0.882139 0.470983 -0.00253531 9.77607 -0.0135755 0.0308065 0.999433 0.0437145
0.471957 -0.881036 0.0321373 5.48214 0.881551 0.472068 -0.00453423 10.6201 -0.0111762 0.0304706 0.999473 0.0367657
0.472894 -0.88065 0.0287724 5.92317 0.881097 0.472864 -0.00823766 11.4693 -0.00635095 0.0292468 0.999552 0.0287292
0.474055 -0.880071 0.0273292 6.36868 0.880492 0.473914 -0.0118483 12.3234 -0.00252433 0.0296799 0.999556 0.0239189
0.474739 -0.87962 0.0298668 6.81808 0.88012 0.474592 -0.0122635 13.1816 -0.00338734 0.0321083 0.999479 0.0263848
0.474476 -0.879613 0.0339726 7.26944 0.880228 0.474469 -0.00878064 14.0426 -0.00839537 0.0340698 0.999384 0.0308462
0.473551 -0.87992 0.0386122 7.72382 0.880677 0.473671 -0.0065383 14.9085 -0.0125363 0.0371011 0.999233 0.0350622
0.472714 -0.880042 0.0454684 8.18207 0.881131 0.472756 -0.0105043 15.7737 -0.0122512 0.0450292 0.998911 0.0321704
0.471461 -0.880664 0.0464379 8.64063 0.881848 0.471282 -0.0154202 16.6433 -0.00830537 0.0482212 0.998802 0.0226508
0.470216 -0.88148 0.0434686 9.09585 0.882542 0.469868 -0.018534 17.5196 -0.00408716 0.0470779 0.998883 0.0151981
0.468604 -0.882403 0.0421404 9.56094 0.883405 0.468189 -0.0198372 18.4173 -0.0022253 0.0465229 0.998915 0.0234551
0.46758 -0.882888 0.0433288 10.0454 0.883942 0.467234 -0.0184071 19.3595 -0.00399331 0.0469069 0.998891 0.0604837
0.466545 -0.883501 0.0419827 10.5195 0.884467 0.466399 -0.0138157 20.2862 -0.00737452 0.0435779 0.999023 0.0861768
0.465374 -0.884106 0.0422374 10.9954 0.885071 0.465291 -0.012383 21.2181 -0.00870482 0.0431458 0.999031 0.112099
0.464416 -0.884587 0.0427015 11.4658 0.885553 0.464424 -0.0103295 22.1359 -0.0106943 0.0426116 0.999034 0.127184
0.464179 -0.884593 0.0450926 11.9347 0.885625 0.464341 -0.00745787 23.057 -0.0143412 0.0433969 0.998955 0.143773
0.463626 -0.885093 0.0407659 12.3951 0.885882 0.463901 -0.00299487 23.9731 -0.0162606 0.0375023 0.999164 0.148096
0.463748 -0.885054 0.040206 12.8539 0.885815 0.464031 -0.00255329 24.886 -0.016397 0.0367992 0.999188 0.150666
0.463627 -0.885137 0.0397855 13.312 0.885906 0.463848 -0.00405202 25.792 -0.0148678 0.0371248 0.9992 0.148046
0.463887 -0.885149 0.0363337 13.7644 0.885809 0.464021 -0.00516968 26.6948 -0.0122836 0.0345829 0.999326 0.145416
0.463137 -0.885547 0.0362093 14.2187 0.886208 0.463252 -0.00562961 27.5891 -0.0117888 0.0346963 0.999328 0.154453
0.461904 -0.886081 0.0387964 14.6732 0.886831 0.462064 -0.00527156 28.4801 -0.0132554 0.0368408 0.999233 0.16057
0.46109 -0.886487 0.0392135 15.1221 0.887236 0.461297 -0.00414488 29.3701 -0.0144147 0.0367028 0.999222 0.168335
0.460874 -0.886742 0.0358304 15.5641 0.887379 0.461016 -0.00469483 30.2552 -0.0123553 0.0339589 0.999347 0.170467
0.460364 -0.887132 0.0325687 16.0035 0.887704 0.460322 -0.00923621 31.1365 -0.00679833 0.0331634 0.999427 0.168469
0.460012 -0.887359 0.0313505 16.446 0.887897 0.459924 -0.0103983 32.0155 -0.00519179 0.0326194 0.999454 0.169635
0.459625 -0.887481 0.0335047 16.8882 0.888069 0.459652 -0.00734852 32.8916 -0.00887885 0.0331321 0.999412 0.18113
0.459272 -0.8875 0.0375823 17.3278 0.888211 0.4594 -0.00567027 33.7631 -0.0122329 0.0359852 0.999277 0.189136
0.458986 -0.887581 0.0391442 17.7643 0.888348 0.459136 -0.00558047 34.6314 -0.0130194 0.0373351 0.999218 0.192303
0.458896 -0.887525 0.0413895 18.1991 0.888406 0.458995 -0.00764598 35.4933 -0.0122116 0.0402794 0.999114 0.192239
0.458479 -0.887624 0.0438241 18.638 0.888642 0.458478 -0.0106663 36.3549 -0.0106247 0.0438342 0.998982 0.19038
0.45743 -0.888096 0.0452006 19.0723 0.889177 0.457436 -0.0108303 37.2111 -0.011058 0.0451455 0.998919 0.190518
0.456336 -0.888423 0.0496219 19.5056 0.889676 0.456518 -0.0082713 38.0686 -0.0153049 0.0479219 0.998734 0.191628
0.455638 -0.8885 0.0544177 19.9342 0.889916 0.456104 -0.00424484 38.926 -0.0210486 0.0503613 0.998509 0.18926
0.455065 -0.888815 0.054068 20.3559 0.890158 0.455648 -0.0017222 39.7803 -0.0231053 0.0489128 0.998536 0.182095
0.453895 -0.889567 0.0514741 20.7794 0.890827 0.454329 -0.00360498 40.6254 -0.0201793 0.0474908 0.998668 0.173813
0.452766 -0.890436 0.0461234 21.1997 0.891546 0.452827 -0.00971177 41.4574 -0.0122382 0.0455183 0.998889 0.159436
0.451993 -0.890996 0.042756 21.6155 0.891999 0.451805 -0.0145028 42.2808 -0.00639538 0.0446935 0.99898 0.152225
0.450791 -0.891814 0.0381338 22.0208 0.892604 0.450689 -0.0117312 43.0984 -0.0067244 0.0393267 0.999204 0.153774
0.449933 -0.8923 0.0369071 22.4203 0.893009 0.449975 -0.00763239 43.9043 -0.00979688 0.0363924 0.99929 0.16243
0.448624 -0.893021 0.0353737 22.8133 0.893643 0.448754 -0.00460879 44.6969 -0.0117583 0.0336791 0.999364 0.171282
0.44755 -0.893584 0.0347343 23.1994 0.894194 0.447647 -0.00537285 45.4788 -0.0107476 0.0334638 0.999382 0.172787
0.446065 -0.894355 0.0339726 23.5784 0.894926 0.446197 -0.00403606 46.2478 -0.0115488 0.0322033 0.999415 0.1759
0.444703 -0.895056 0.0333743 23.9496 0.895589 0.444876 -0.00245042 47.0067 -0.0126542 0.0309794 0.99944 0.180457
0.443227 -0.895771 0.0338207 24.3168 0.896314 0.443414 -0.00216676 47.7521 -0.0130556 0.0312743 0.999426 0.18545
0.441899 -0.896398 0.0345707 24.6771 0.896959 0.44211 -0.0017085 48.4881 -0.0137525 0.0317635 0.999401 0.187158
0.440621 -0.897067 0.0335199 25.0298 0.897553 0.440905 0.00120367 49.2122 -0.0158589 0.0295556 0.999437 0.190031
0.43939 -0.897642 0.0342964 25.3743 0.898062 0.439826 0.00604469 49.9272 -0.0205104 0.0281443 0.999393 0.193133
0.437663 -0.89853 0.0330881 25.7169 0.898859 0.438149 0.00885782 50.6251 -0.0224566 0.0258648 0.999413 0.197383
0.436337 -0.899322 0.0288149 26.0451 0.899574 0.436702 0.0075729 51.3083 -0.019394 0.0226168 0.999556 0.197902
0.435336 -0.899939 0.0243582 26.3642 0.900191 0.435493 0.00128511 51.976 -0.0117643 0.0213676 0.999702 0.195206
0.434051 -0.900606 0.0225525 26.6749 0.90087 0.434064 -0.00456908 52.6254 -0.00567431 0.0223001 0.999735 0.192628
0.433635 -0.900852 0.0206294 26.9737 0.901082 0.433603 -0.00623019 53.2594 -0.00333249 0.0212904 0.999768 0.194699
0.432951 -0.901192 0.0201451 27.2625 0.901393 0.432997 -0.00225908 53.8723 -0.00668688 0.0191367 0.999795 0.20908
0.431718 -0.901767 0.0208786 27.5437 0.901949 0.43184 0.00148504 54.4667 -0.0103553 0.0181903 0.999781 0.228547
0.430554 -0.9023 0.0218571 27.8194 0.902536 0.430607 -0.00245143 55.0399 -0.00719989 0.0207823 0.999758 0.239778
0.430594 -0.902152 0.0266375 28.0882 0.902542 0.430486 -0.00995452 55.597 -0.0024866 0.0283279 0.999596 0.247342
0.43142 -0.901718 0.0279367 28.3482 0.902146 0.431108 -0.016694 56.1397 0.00300961 0.0324051 0.99947 0.256685
0.434027 -0.900515 0.026333 28.5972 0.900891 0.433709 -0.0170769 56.6696 0.00395718 0.031135 0.999507 0.267655
0.437422 -0.898973 0.0225749 28.84 0.899256 0.437263 -0.0117861 57.1873 0.000724161 0.0254561 0.999676 0.282451
0.441457 -0.896931 0.0251135 29.0819 0.897279 0.44136 -0.00959405 57.6883 -0.00247891 0.0267692 0.999639 0.296228
0.445994 -0.894503 0.0308892 29.3268 0.895013 0.445967 -0.00814572 58.1732 -0.00648917 0.0312791 0.99949 0.312821
0.452819 -0.890833 0.0370461 29.5663 0.891532 0.452913 -0.00627763 58.647 -0.0111863 0.0358704 0.999294 0.330743
0.461944 -0.88624 0.0344333 29.7987 0.886839 0.462047 -0.00537393 59.109 -0.0111472 0.0330193 0.999393 0.337627
0.474852 -0.879582 0.0291772 30.022 0.879997 0.474968 -0.00325177 59.564 -0.0109981 0.02722 0.999569 0.342385
0.49035 -0.871174 0.0247723 30.2476 0.871443 0.490497 -0.000166888 60.0047 -0.0120054 0.0216695 0.999693 0.346543
0.508831 -0.860477 0.0258916 30.4801 0.860768 0.508997 -0.000179807 60.4249 -0.013024 0.0223781 0.999665 0.350168
0.530462 -0.847199 0.0293745 30.7178 0.847583 0.530662 -0.00115674 60.83 -0.0146079 0.0255109 0.999568 0.356305
0.554562 -0.831556 0.031233 30.9618 0.831971 0.554819 -0.000516006 61.2213 -0.0168996 0.0262711 0.999512 0.362091
0.581071 -0.813212 0.0322765 31.213 0.813621 0.581394 0.000772165 61.6032 -0.0193933 0.0258121 0.999479 0.36602
0.610353 -0.79146 0.0325807 31.474 0.791852 0.610712 0.00137102 61.9725 -0.0209825 0.0249623 0.999468 0.367276
0.642199 -0.76586 0.0322444 31.7448 0.766222 0.642574 0.00169188 62.3297 -0.0220151 0.0236198 0.999479 0.365095
0.675819 -0.736356 0.0323877 32.0269 0.736702 0.676215 0.00176851 62.6694 -0.0232033 0.0226649 0.999474 0.364704
0.710911 -0.702648 0.0298612 32.3203 0.702914 0.711272 0.00215896 62.9898 -0.0227564 0.019455 0.999552 0.36469
0.74769 -0.66348 0.0274644 32.625 0.663713 0.747987 0.000835939 63.2913 -0.0210977 0.0176034 0.999622 0.363202
0.784566 -0.619501 0.0259867 32.9403 0.619718 0.784824 -0.000389602 63.5702 -0.0201536 0.0164101 0.999662 0.358423
0.820617 -0.570953 0.0245064 33.2675 0.571145 0.820849 -0.00103253 63.8266 -0.0195265 0.014844 0.999699 0.350732
0.85494 -0.518227 0.0227726 33.6048 0.518401 0.855135 -0.00209347 64.0582 -0.0183887 0.0135951 0.999738 0.341663
0.88661 -0.461979 0.0223232 33.9526 0.462192 0.886764 -0.00524704 64.2638 -0.0173714 0.0149697 0.999737 0.335732
0.914462 -0.404094 0.0216028 34.3089 0.404303 0.914604 -0.00619672 64.4429 -0.017254 0.0144007 0.999747 0.333671
0.938335 -0.344981 0.0227113 34.6727 0.3452 0.938507 -0.00639782 64.6 -0.0191076 0.0138432 0.999722 0.333228
0.95818 -0.285132 0.0242892 35.0491 0.285308 0.958427 -0.00404346 64.7298 -0.0221265 0.0108043 0.999697 0.327982
0.974032 -0.225022 0.0250457 35.4293 0.225187 0.974308 -0.00393598 64.8358 -0.0235165 0.00947373 0.999679 0.320735
0.98593 -0.16539 0.0242439 35.818 0.165596 0.986171 -0.0067234 64.9131 -0.0227966 0.0106435 0.999683 0.311204
0.993904 -0.107652 0.023794 36.2056 0.107973 0.994073 -0.0126375 64.9651 -0.0222926 0.0151296 0.999637 0.30471
0.99838 -0.0522641 0.0225013 36.5948 0.0525228 0.998558 -0.0110621 64.9972 -0.0218907 0.012226 0.999686 0.298325
0.999769 0.00186335 0.0214326 36.9875 -0.00173124 0.999979 -0.00618102 65.0116 -0.0214437 0.00614249 0.999751 0.289817
0.998426 0.052506 0.0197126 37.3808 -0.0524313 0.998615 -0.00428527 65.0053 -0.0199103 0.00324497 0.999797 0.281134
0.994955 0.0986799 0.0180951 37.7705 -0.0985193 0.995089 -0.00956617 64.9726 -0.0189502 0.00773519 0.99979 0.273795
0.989853 0.140946 0.0180505 38.1588 -0.140488 0.989778 -0.0245453 64.9154 -0.0213256 0.0217603 0.999536 0.268961
0.983875 0.177845 0.018991 38.546 -0.177224 0.983697 -0.0305138 64.8445 -0.0241081 0.0266562 0.999354 0.263066
0.977263 0.211381 0.0165709 38.9366 -0.210882 0.977121 -0.0276402 64.7705 -0.0220344 0.0235173 0.999481 0.253399
0.970106 0.242248 0.0144804 39.3319 -0.242027 0.970146 -0.0154724 64.6903 -0.0177963 0.0115052 0.999775 0.245842
0.962629 0.270509 0.0130676 39.725 -0.270423 0.962708 -0.00802941 64.5936 -0.0147523 0.00419557 0.999882 0.244719
0.955297 0.295453 0.0107598 40.1217 -0.295381 0.955347 -0.00783286 64.4766 -0.0125936 0.00430448 0.999911 0.241808
0.94793 0.318402 0.00692393 40.5188 -0.318301 0.947905 -0.0126917 64.3415 -0.0106043 0.00982697 0.999896 0.237653
0.94126 0.337668 -0.0030678 40.9241 -0.337666 0.941093 -0.0180407 64.1876 -0.00320466 0.0180169 0.999833 0.214471
0.934408 0.356013 -0.0117143 41.3373 -0.356171 0.93427 -0.0168073 64.0295 0.00496072 0.0198772 0.99979 0.189817
0.927856 0.372744 -0.01201 41.7614 -0.372888 0.927777 -0.0135594 63.8637 0.00608842 0.0170595 0.999836 0.183097
0.921984 0.387182 -0.00592202 42.1947 -0.387227 0.9219 -0.0124407 63.6836 0.000642703 0.0137633 0.999905 0.192322
0.916191 0.400734 -0.00253728 42.6315 -0.40073 0.916096 -0.0135654 63.4892 -0.00311174 0.0134453 0.999905 0.200853
0.910619 0.413244 -0.00133535 43.0744 -0.41321 0.910492 -0.0161855 63.2806 -0.00547274 0.0152906 0.999868 0.205488
0.905586 0.424158 -0.00226993 43.5251 -0.424117 0.905394 -0.0196405 63.0595 -0.0062755 0.0187489 0.999805 0.205203
0.90105 0.433693 -0.00445907 43.9866 -0.433679 0.900795 -0.0221644 62.8256 -0.00559585 0.0219051 0.999744 0.203523
0.897289 0.441402 -0.0061294 44.4607 -0.441417 0.896991 -0.0236433 62.5812 -0.00493816 0.0239205 0.999702 0.201985
0.894566 0.446878 -0.00723454 44.9454 -0.446912 0.894229 -0.0249738 62.3256 -0.00469087 0.0255739 0.999662 0.199168
0.891968 0.45201 -0.00895341 45.4464 -0.452085 0.891606 -0.0256466 62.0606 -0.00360962 0.0269236 0.999631 0.192995
0.889066 0.457671 -0.00996687 45.9642 -0.457771 0.88871 -0.0252896 61.7851 -0.00271666 0.0270467 0.99963 0.185154
0.886851 0.461921 -0.0111579 46.4966 -0.462048 0.886437 -0.0272157 61.4971 -0.00268072 0.0292918 0.999567 0.180483
0.885251 0.464961 -0.0118902 47.0385 -0.465104 0.884789 -0.028748 61.1941 -0.0028464 0.0309794 0.999516 0.175512
0.883597 0.468093 -0.0120557 47.5969 -0.468237 0.883101 -0.0297728 60.8822 -0.00328999 0.0319521 0.999484 0.17092
0.882126 0.470855 -0.012209 48.1678 -0.470997 0.88158 -0.0312899 60.5582 -0.00396974 0.033352 0.999436 0.166406
0.881358 0.472234 -0.0142643 48.7511 -0.472432 0.880658 -0.0353551 60.2227 -0.00413398 0.0378994 0.999273 0.161134
0.881474 0.471963 -0.0159607 49.3474 -0.472214 0.880637 -0.0386308 59.8781 -0.00417675 0.0415889 0.999126 0.155569
0.88216 0.470648 -0.0168729 49.9574 -0.470931 0.881226 -0.0408103 59.5248 -0.00433842 0.0439471 0.999024 0.147989
0.883644 0.467805 -0.0182345 50.5861 -0.468144 0.882613 -0.0428412 59.1682 -0.00394732 0.0463927 0.998915 0.141942
0.885343 0.464569 -0.018533 51.2283 -0.464921 0.884267 -0.0438197 58.8033 -0.0039691 0.0474119 0.998868 0.135788
0.887138 0.461165 -0.017705 51.8916 -0.461472 0.885963 -0.0459659 58.4389 -0.00551187 0.0489484 0.998786 0.135469
0.888929 0.45775 -0.0164513 52.5684 -0.457995 0.887724 -0.0467636 58.0709 -0.00680186 0.0491041 0.99877 0.134619
0.890776 0.454251 -0.0131865 53.262 -0.454353 0.889651 -0.0456641 57.7009 -0.00901155 0.0466678 0.99887 0.131035
0.892602 0.450697 -0.0115894 53.9647 -0.450735 0.891515 -0.0451549 57.3302 -0.0100191 0.0455291 0.998913 0.126095
0.894413 0.447108 -0.0109618 54.6754 -0.447144 0.893434 -0.0428707 56.9595 -0.00937419 0.0432457 0.999021 0.121091
0.895964 0.443938 -0.0129705 55.3961 -0.444086 0.8951 -0.0398045 56.5895 -0.00606084 0.0414235 0.999123 0.116413
0.896533 0.442699 -0.0157037 56.1225 -0.442977 0.89596 -0.0320578 56.2209 -0.000122033 0.0356972 0.999363 0.10926
0.896381 0.442943 -0.0173915 56.853 -0.443274 0.895937 -0.0283696 55.8501 0.0030156 0.0331392 0.999446 0.105272
0.896404 0.442942 -0.0161946 57.5834 -0.443229 0.896028 -0.0261152 55.4771 0.00294332 0.0305877 0.999528 0.111785
0.896375 0.443127 -0.0122868 58.3145 -0.443297 0.896029 -0.0248789 55.1056 -1.51984e-05 0.0277476 0.999615 0.124586
0.896321 0.44324 -0.0121306 59.0434 -0.443406 0.895942 -0.0260472 54.732 -0.000676811 0.0287254 0.999587 0.13401
0.896384 0.443164 -0.0100304 59.7722 -0.443274 0.896051 -0.0244986 54.357 -0.00186915 0.0264064 0.99965 0.143826
0.896249 0.443457 -0.00919261 60.4995 -0.443548 0.895954 -0.0230617 53.9814 -0.0019907 0.0247463 0.999692 0.155953
0.896285 0.443393 -0.00874584 61.2253 -0.443477 0.896049 -0.020569 53.6096 -0.00128342 0.0223142 0.99975 0.163701
0.895765 0.444452 -0.00825881 61.9513 -0.444528 0.895597 -0.0173345 53.2386 -0.000307802 0.0191989 0.999816 0.169711
0.89455 0.446914 -0.00690952 62.6773 -0.446967 0.894428 -0.0148125 52.8681 -0.000439852 0.0163389 0.999866 0.1781
0.892826 0.450381 -0.00433571 63.4012 -0.450398 0.892736 -0.0128408 52.4963 -0.00191262 0.0134174 0.999908 0.187273
0.890623 0.45474 -0.00109596 64.1241 -0.454719 0.890554 -0.0120216 52.1219 -0.0044907 0.0112051 0.999927 0.199501
0.887794 0.460236 0.00201985 64.844 -0.460188 0.887752 -0.0111229 51.7435 -0.00691229 0.00894535 0.999936 0.209669
0.884274 0.466961 0.00254459 65.5591 -0.466914 0.884242 -0.010423 51.358 -0.00711716 0.00802868 0.999942 0.217124
0.88017 0.474655 0.00206582 66.2674 -0.474619 0.880143 -0.00921759 50.9708 -0.0061934 0.00713256 0.999955 0.221082
0.875293 0.48359 0.00128826 66.9705 -0.48356 0.875263 -0.00917953 50.5747 -0.0055667 0.00741183 0.999957 0.225299
0.870319 0.492487 0.001341 67.6655 -0.49245 0.870282 -0.0101072 50.1757 -0.00614474 0.00813615 0.999948 0.232134
0.864931 0.50188 0.00318748 68.3525 -0.501831 0.864909 -0.00989231 49.7733 -0.00772163 0.00695659 0.999946 0.239636
0.859262 0.511525 0.00330894 69.0347 -0.511466 0.859234 -0.0109482 49.3619 -0.00844344 0.00771498 0.999935 0.242796
0.853498 0.521086 0.00314758 69.7073 -0.521027 0.853468 -0.0110842 48.9453 -0.00846219 0.00782039 0.999934 0.245383
0.847635 0.530574 0.00261746 70.3712 -0.530522 0.847604 -0.010637 48.525 -0.0078623 0.00762769 0.99994 0.248264
0.841889 0.539647 0.00191913 71.027 -0.539608 0.841862 -0.00955068 48.1003 -0.00676963 0.00700504 0.999953 0.250089
0.836229 0.54838 0.000686822 71.6723 -0.548351 0.836196 -0.00934345 47.6717 -0.00569808 0.00743665 0.999956 0.251844
0.830908 0.556409 -0.000216446 72.3062 -0.556386 0.83087 -0.00945074 47.2415 -0.00507864 0.00797313 0.999955 0.25493
0.825486 0.564422 -0.000972789 72.9285 -0.564404 0.825444 -0.00956597 46.8059 -0.00459626 0.00844562 0.999954 0.259965
0.820014 0.572342 -0.00127219 73.5425 -0.572326 0.81997 -0.00960911 46.3727 -0.00445654 0.00860771 0.999953 0.263788
0.814995 0.579465 -0.00189767 74.1435 -0.579449 0.814937 -0.0107733 45.9346 -0.0046963 0.00987983 0.99994 0.269909
0.810567 0.585644 -0.00150665 74.7344 -0.585613 0.810492 -0.0126729 45.4968 -0.00620071 0.0111546 0.999919 0.276884
0.807324 0.590106 -0.00164805 75.3137 -0.590054 0.807208 -0.0158649 45.0602 -0.00803166 0.0137806 0.999873 0.286537
0.804873 0.593444 -0.00179761 75.885 -0.59336 0.8047 -0.0195264 44.6245 -0.0101413 0.0167829 0.999808 0.292342
0.803105 0.595835 -0.00173819 76.4465 -0.595725 0.802894 -0.0217546 44.1942 -0.0115666 0.0185067 0.999762 0.296034
0.801971 0.597362 -0.00141211 76.9953 -0.597234 0.801746 -0.0227002 43.7719 -0.0124281 0.0190482 0.999741 0.298463
0.801362 0.598178 -0.00163497 77.5327 -0.598052 0.801131 -0.0228708 43.3571 -0.012371 0.0193056 0.999737 0.299636
0.801702 0.597716 -0.00311287 78.0553 -0.597617 0.801449 -0.0230724 42.9511 -0.011296 0.0203575 0.999729 0.299932
0.803286 0.595574 -0.00468332 78.5637 -0.595507 0.803012 -0.0233035 42.5566 -0.0101182 0.0215084 0.999717 0.300495
0.806155 0.591679 -0.00548003 79.0602 -0.591632 0.805877 -0.0231175 42.176 -0.00926193 0.0218785 0.999718 0.301602
0.810575 0.58561 -0.00538119 79.5421 -0.58557 0.810314 -0.022356 41.812 -0.00873142 0.0212722 0.999736 0.303615
0.816795 0.576905 -0.00522449 80.0113 -0.57687 0.816549 -0.0216335 41.4638 -0.00821444 0.020684 0.999752 0.306864
0.824411 0.565968 -0.00518272 80.4651 -0.565936 0.824168 -0.0215269 41.1333 -0.00791211 0.0206801 0.999755 0.311407
0.833649 0.552266 -0.00557432 80.9092 -0.552256 0.833431 -0.0201358 40.8237 -0.00647451 0.0198647 0.999782 0.314411
0.844746 0.535119 -0.00721693 81.3512 -0.535156 0.844558 -0.0181693 40.53 -0.00362764 0.0192106 0.999809 0.319984
0.857289 0.514755 -0.00911162 81.7916 -0.514836 0.857149 -0.0155026 40.2486 -0.000170032 0.0179812 0.999838 0.324957
0.871153 0.490911 -0.00993154 82.2344 -0.491008 0.871046 -0.0137638 39.9782 0.00189405 0.0168668 0.999856 0.329964
0.886615 0.462417 -0.00918857 82.6783 -0.462504 0.886517 -0.013316 39.7217 0.00198827 0.016056 0.999869 0.336143
0.903227 0.429109 -0.00688279 83.1254 -0.429164 0.903111 -0.0144673 39.4817 7.89867e-06 0.0160211 0.999872 0.345628
0.920245 0.39133 -0.00304278 83.5754 -0.391328 0.920121 -0.0154869 39.261 -0.00326075 0.0154425 0.999875 0.356387
0.936802 0.349852 0.00241796 84.0292 -0.349772 0.936699 -0.0159538 39.0638 -0.00784637 0.0140998 0.99987 0.368512
0.95257 0.304223 0.00770057 84.4896 -0.304093 0.952531 -0.0145505 38.8842 -0.0117616 0.0115187 0.999864 0.37908
0.967044 0.254366 0.0111347 84.9511 -0.254222 0.967061 -0.0128469 38.7343 -0.0140358 0.00959282 0.999855 0.38976
0.979767 0.199768 0.0121887 85.4095 -0.19962 0.979796 -0.0123527 38.6096 -0.0144101 0.00966968 0.999849 0.393339
0.990101 0.139959 0.0105537 85.8669 -0.139785 0.990057 -0.0157254 38.5079 -0.0126497 0.0140945 0.999821 0.396586
0.997101 0.0757818 0.00683981 86.3206 -0.0756531 0.996982 -0.0174384 38.4352 -0.00814068 0.0168704 0.999825 0.397605
0.999956 0.00916203 0.00185066 86.773 -0.00912204 0.999747 -0.0205674 38.3934 -0.00203863 0.0205496 0.999787 0.397877
0.998276 -0.0586793 -0.00142818 87.2222 0.058641 0.998093 -0.019273 38.3855 0.00255638 0.019156 0.999813 0.396684
0.991942 -0.126636 -0.00368099 87.6669 0.126552 0.991801 -0.0177672 38.4098 0.00590079 0.0171582 0.999835 0.396307
0.980945 -0.194225 -0.00491751 88.1087 0.1941 0.980797 -0.0190298 38.4648 0.00851913 0.0177127 0.999807 0.399324
0.965541 -0.260225 -0.00359351 88.5429 0.260097 0.965356 -0.0209163 38.5465 0.00891195 0.0192609 0.999775 0.407378
0.945895 -0.324468 0.00192288 88.9695 0.324437 0.94568 -0.0207303 38.6601 0.0049079 0.0202325 0.999783 0.421018
0.921999 -0.387084 0.00914164 89.3839 0.387191 0.921806 -0.0188999 38.8041 -0.00111097 0.0209653 0.99978 0.4374
0.894788 -0.446242 0.0149032 89.7894 0.446449 0.894662 -0.016223 38.9791 -0.00609394 0.0211696 0.999757 0.451461
0.865401 -0.500637 0.0210585 90.1858 0.500941 0.865386 -0.0128559 39.1827 -0.0117875 0.0216746 0.999696 0.461864
0.835494 -0.548938 0.0248417 90.5732 0.549251 0.835622 -0.00767874 39.414 -0.0165431 0.0200599 0.999662 0.472333
0.806475 -0.590697 0.0259786 90.9505 0.590973 0.806682 -0.00386381 39.6718 -0.0186741 0.0184687 0.999655 0.476761
0.780068 -0.625233 0.0240308 91.3189 0.62534 0.780344 0.00367985 39.9596 -0.021053 0.0121569 0.999704 0.473266
0.756211 -0.654006 0.0205042 91.6784 0.65405 0.756432 0.00541669 40.2646 -0.0190526 0.00931459 0.999775 0.461161
0.734365 -0.678513 0.0181162 92.0353 0.678524 0.73455 0.00645958 40.5811 -0.0176902 0.00754862 0.999815 0.450187
0.717907 -0.695784 0.0222257 92.3911 0.695929 0.718109 0.0016314 40.9103 -0.0170955 0.0142963 0.999752 0.444988
0.706256 -0.70752 0.024882 92.7427 0.707741 0.706472 -0.000149692 41.2518 -0.0174725 0.0177157 0.99969 0.445082
0.69695 -0.716778 0.0221504 93.0959 0.716921 0.697152 0.00203101 41.6095 -0.016898 0.0144646 0.999753 0.436276
0.689643 -0.723919 0.0182995 93.4503 0.72395 0.689826 0.00604473 41.9809 -0.0169994 0.00907925 0.999814 0.421796
0.685102 -0.728339 0.012544 93.8106 0.728276 0.685213 0.00985468 42.3643 -0.0157729 0.00238403 0.999873 0.410729
0.6829 -0.73049 0.00565055 94.1743 0.730415 0.682916 0.0109325 42.7576 -0.0118449 -0.00333856 0.999924 0.403025
0.682311 -0.731056 0.00299127 94.5506 0.730999 0.6823 0.0103575 43.157 -0.00961286 -0.00488042 0.999942 0.402607
0.683909 -0.729563 0.00225894 94.9336 0.729533 0.683904 0.00752759 43.5636 -0.00703675 -0.00350022 0.999969 0.400646
0.687038 -0.726622 -6.17269e-05 95.3279 0.726622 0.687037 0.000308394 43.978 -0.000181677 -0.00025673 1 0.391123
0.690089 -0.72372 -0.00254598 95.7281 0.723706 0.690093 -0.00471248 44.3988 0.00516748 0.00140949 0.999986 0.383449
0.693254 -0.72067 -0.00579072 96.1383 0.720679 0.693268 -0.000732178 44.8328 0.00454218 -0.00366567 0.999983 0.385075
0.697364 -0.71669 -0.00629886 96.5558 0.716717 0.697344 0.00532182 45.276 0.000578376 -0.00822574 0.999966 0.391765
0.70092 -0.713237 -0.00207615 96.9892 0.713229 0.700891 0.00747894 45.7199 -0.00387909 -0.00672291 0.99997 0.400571
0.703605 -0.710578 0.0042604 97.4353 0.710525 0.703609 0.00941649 46.1669 -0.00968882 -0.00359837 0.999947 0.409574
0.706119 -0.708035 0.00903879 97.8893 0.70794 0.706175 0.0117523 46.6217 -0.014704 -0.00189958 0.99989 0.415251
0.708424 -0.705672 0.0127515 98.3519 0.705605 0.708536 0.00989474 47.0838 -0.0160173 0.00198784 0.99987 0.413392
0.708908 -0.705161 0.0140752 98.8238 0.705174 0.709018 0.00485053 47.5475 -0.0134 0.0064869 0.999889 0.408098
0.708729 -0.705384 0.0117018 99.3032 0.705442 0.708767 -0.00122597 48.0197 -0.00742909 0.00912384 0.999931 0.400416
0.708325 -0.705858 0.00629443 99.7865 0.705886 0.70829 -0.00707925 48.5026 0.000538668 0.00945756 0.999955 0.390295
0.70669 -0.707522 0.00112216 100.28 0.707506 0.706661 -0.00809582 48.994 0.00493498 0.00651518 0.999967 0.382879
0.704853 -0.709342 0.00403523 100.782 0.709352 0.704828 -0.0060805 49.4955 0.00146901 0.00714826 0.999973 0.38631
0.703595 -0.710517 0.0109361 101.293 0.710578 0.703613 -0.00276361 50.0066 -0.00573115 0.00971538 0.999936 0.397927
0.701738 -0.712276 0.0150634 101.811 0.712313 0.701852 0.00367177 50.5269 -0.0131876 0.00815327 0.99988 0.409287
0.700364 -0.713679 0.0123318 102.33 0.713676 0.700455 0.00542442 51.0578 -0.0125091 0.00500182 0.999909 0.407917
0.699057 -0.715043 0.00574724 102.853 0.715016 0.699081 0.00613719 51.5988 -0.00840613 -0.000180871 0.999965 0.398995
0.696422 -0.71763 0.00199842 103.387 0.717628 0.696425 0.00174518 52.1452 -0.00264415 0.000218742 0.999996 0.389764
0.6934 -0.720553 0.000573971 103.927 0.720552 0.693398 -0.00181731 52.7005 0.000911477 0.0016737 0.999998 0.385409
0.69069 -0.723145 0.00292224 104.474 0.723151 0.690687 -0.00198713 53.2661 -0.00058137 0.00348571 0.999994 0.389513
0.688023 -0.725656 0.00687859 105.026 0.725686 0.688017 -0.00366116 53.8387 -0.00207585 0.00751066 0.99997 0.396807
0.686609 -0.726965 0.00944357 105.585 0.727011 0.686622 -0.0022736 54.4236 -0.00483134 0.00842665 0.999953 0.404713
0.685427 -0.728021 0.0132403 106.155 0.728104 0.685464 -0.0022294 55.0257 -0.0074527 0.0111684 0.99991 0.407944
0.684949 -0.728374 0.017803 106.726 0.728539 0.684989 -0.00469514 55.6282 -0.00877503 0.0161861 0.99983 0.409247
0.684452 -0.728818 0.0186902 107.301 0.728979 0.68453 -0.00284688 56.2388 -0.0107191 0.0155733 0.999821 0.410878
0.684831 -0.728564 0.0142142 107.874 0.728649 0.684886 -0.00124446 56.8534 -0.00882842 0.0112094 0.999898 0.4082
0.685263 -0.728257 0.00751617 108.452 0.728277 0.685283 7.47793e-05 57.4736 -0.00520516 0.00542261 0.999972 0.403674
0.685734 -0.727852 0.0010916 109.032 0.727844 0.685732 0.00384348 58.0949 -0.00354603 -0.00184109 0.999992 0.398865
0.687615 -0.726065 -0.0039083 109.615 0.726062 0.68756 0.00972612 58.7234 -0.0043746 -0.00952549 0.999945 0.399849
0.690022 -0.723772 -0.00484682 110.202 0.723753 0.689907 0.0144611 59.3524 -0.00712266 -0.0134864 0.999884 0.406405
0.691799 -0.722068 -0.00558748 110.796 0.72206 0.691679 0.0144572 59.9774 -0.00657431 -0.0140359 0.99988 0.409004
0.693322 -0.720592 -0.00723489 111.394 0.720621 0.693233 0.0115637 60.607 -0.00331726 -0.013231 0.999907 0.404285
0.69419 -0.71979 -0.00140879 112 0.719781 0.694167 0.00694032 61.2397 -0.00401764 -0.00583192 0.999975 0.399751
0.694322 -0.719658 0.00312405 112.609 0.719653 0.694329 0.0025652 61.873 -0.00401518 0.000467158 0.999992 0.395783
0.695473 -0.718537 0.00466012 113.213 0.718541 0.695484 0.00103647 62.5024 -0.00398578 0.00262765 0.999989 0.396096
0.696145 -0.717891 0.00378985 113.815 0.71787 0.696154 0.00574605 63.1354 -0.00676337 -0.00127946 0.999976 0.393247
0.696825 -0.717224 0.00506184 114.416 0.717155 0.696833 0.0106404 63.7656 -0.0111588 -0.00378437 0.999931 0.393381
0.697554 -0.71651 0.00559234 115.018 0.716328 0.69752 0.0184593 64.39 -0.0171271 -0.00887041 0.999814 0.397945
0.698372 -0.715729 0.00298384 115.616 0.71564 0.698341 0.0133927 64.9975 -0.0116693 -0.00721776 0.999906 0.400852
0.698845 -0.71527 -0.00222584 116.217 0.71527 0.698848 -0.00114345 65.596 0.0023734 -0.000792982 0.999997 0.398925
0.698522 -0.715571 -0.00493874 116.819 0.715467 0.698514 -0.0136227 66.1907 0.0131978 0.00598226 0.999895 0.401577
0.697865 -0.716229 -0.000574758 117.421 0.716193 0.697837 -0.00955918 66.792 0.00724766 0.00625938 0.999954 0.417814
0.696996 -0.716913 0.0152623 118.021 0.716932 0.697124 0.00512936 67.3962 -0.014317 0.00736691 0.99987 0.450962
0.695719 -0.717768 0.02801 118.62 0.717557 0.696247 0.0187778 67.9994 -0.03298 0.00703474 0.999431 0.479944
0.695382 -0.718269 0.0231161 119.21 0.718098 0.695747 0.0164888 68.5925 -0.0279264 0.0051336 0.999597 0.467173
0.69477 -0.719181 0.00861916 119.796 0.719139 0.694823 0.00778908 69.1825 -0.0115905 0.000786757 0.999933 0.433631
0.694014 -0.719958 0.00230372 120.384 0.71996 0.694016 -6.43544e-05 69.769 -0.00155249 0.00170325 0.999997 0.408636
0.692687 -0.721222 0.00482534 120.972 0.721238 0.692677 -0.00376319 70.3567 -0.000628305 0.00608693 0.999981 0.409785
0.6907 -0.723107 0.00706262 121.55 0.723129 0.690712 -0.000966659 70.9519 -0.00417924 0.00577486 0.999975 0.413844
0.688202 -0.725489 0.00667216 122.12 0.725515 0.6882 -0.00296788 71.545 -0.00243861 0.00688325 0.999973 0.40072
0.68461 -0.728892 0.00510023 122.689 0.72891 0.684595 -0.00451594 72.134 -0.000199957 0.00680927 0.999977 0.385576
0.682243 -0.731122 0.00197218 123.249 0.731125 0.682242 -0.00138874 72.7279 -0.000330164 0.00238937 0.999997 0.379552
0.68056 -0.732683 -0.00383772 123.807 0.732692 0.680556 0.00241072 73.3252 0.000845495 -0.00445251 0.99999 0.370399
0.679239 -0.733907 -0.00392445 124.367 0.733915 0.679215 0.0058899 73.9211 -0.0016571 -0.00688086 0.999975 0.369623
0.678149 -0.734925 -0.000163825 124.926 0.734899 0.678123 0.00853815 74.5156 -0.00616381 -0.00591053 0.999964 0.374246
0.677218 -0.73578 0.00160939 125.483 0.735745 0.677204 0.00855843 75.1081 -0.00738701 -0.00461182 0.999962 0.372895
0.675344 -0.737502 0.000852234 126.037 0.737494 0.675341 0.00401762 75.7038 -0.00353855 -0.00208476 0.999992 0.368465
0.672081 -0.740474 0.00223559 126.585 0.740478 0.672079 -0.00153071 76.2917 -0.000369042 0.00268417 0.999996 0.361477
0.667245 -0.744827 0.00407025 127.132 0.744837 0.66722 -0.00594391 76.8894 0.00171144 0.00699771 0.999974 0.36037
0.662162 -0.749326 0.00726945 127.671 0.749356 0.662162 -0.00266103 77.4938 -0.00281958 0.00720943 0.99997 0.367148
0.657409 -0.753407 0.0138076 128.208 0.753439 0.657507 0.00380696 78.102 -0.0119468 0.00790048 0.999897 0.378471
0.654125 -0.756077 0.0216604 128.735 0.75611 0.654392 0.00830275 78.7163 -0.0204519 0.0109466 0.999731 0.382344
0.650831 -0.758993 0.0186715 129.255 0.758807 0.651091 0.0170816 79.3338 -0.0251217 0.00305086 0.99968 0.375343
0.647688 -0.761785 0.0135968 129.771 0.76164 0.64783 0.0148562 79.9504 -0.0201256 0.000733708 0.999797 0.361377
0.642413 -0.766319 0.00776305 130.289 0.766298 0.642457 0.00609209 80.5639 -0.00965591 0.00203517 0.999951 0.34097
0.637373 -0.770529 0.00637485 130.808 0.770551 0.637376 -0.0018528 81.1834 -0.00263554 0.00609307 0.999978 0.323967
0.63227 -0.774705 0.00821529 131.324 0.774741 0.632274 -0.00242185 81.8124 -0.00331809 0.00789599 0.999963 0.320807
0.626176 -0.779667 0.00470435 131.836 0.77965 0.626194 0.00514385 82.4488 -0.00695633 0.000446791 0.999976 0.32629
0.620066 -0.784549 -0.000482387 132.34 0.784526 0.620043 0.00812065 83.0894 -0.00607195 -0.00541378 0.999967 0.323135
0.612242 -0.79065 -0.00560817 132.847 0.79067 0.612224 0.00471347 83.7272 -0.00029325 -0.00731999 0.999973 0.313761
0.605362 -0.795929 -0.00587638 133.348 0.795946 0.605366 0.00135507 84.3699 0.00247882 -0.00549759 0.999982 0.304561
0.59884 -0.800852 -0.0051185 133.845 0.800867 0.598837 0.00225192 85.0215 0.00126169 -0.00544778 0.999984 0.301696
0.592575 -0.805505 -0.0040465 134.33 0.805494 0.592516 0.0101988 85.6838 -0.00581761 -0.00930302 0.99994 0.302881
0.586161 -0.810187 -0.00347317 134.809 0.810109 0.586032 0.017021 86.3522 -0.0117548 -0.0127907 0.999849 0.305419
0.579835 -0.814733 -0.000913058 135.286 0.814589 0.579711 0.0195151 87.0216 -0.0153703 -0.0120593 0.999809 0.305258
0.574649 -0.8184 -0.000126636 135.759 0.818221 0.57452 0.0210244 87.692 -0.0171336 -0.0121852 0.999779 0.300793
0.570962 -0.820976 -9.74553e-05 136.228 0.820813 0.570847 0.0199983 88.3683 -0.0163625 -0.0114982 0.9998 0.295028
0.567393 -0.823419 -0.00684647 136.691 0.823387 0.567231 0.0168433 89.0471 -0.0099856 -0.0151941 0.999835 0.285209
0.564391 -0.82536 -0.0156213 137.146 0.825497 0.564184 0.0158546 89.7296 -0.00427249 -0.0218435 0.999752 0.272123
0.562126 -0.826839 -0.0187501 137.598 0.827052 0.561978 0.0129089 90.416 -0.000136508 -0.0227637 0.999741 0.259684
0.559535 -0.828637 -0.016788 138.059 0.828781 0.559246 0.0191198 91.1066 -0.00645472 -0.0246117 0.999676 0.256403
0.557656 -0.829957 -0.0138495 138.514 0.829924 0.557162 0.0282421 91.8037 -0.0157233 -0.0272434 0.999505 0.253669
0.555027 -0.831768 -0.0103641 138.969 0.831478 0.554384 0.0360987 92.4969 -0.0242801 -0.0286533 0.999294 0.252934
0.551025 -0.834433 -0.00970395 139.421 0.834188 0.550477 0.0332506 93.1851 -0.0224036 -0.0264168 0.9994 0.239426
0.546872 -0.837199 -0.00542506 139.873 0.837104 0.54668 0.019956 93.8707 -0.0137413 -0.0154547 0.999786 0.219275
0.540973 -0.841028 -0.00457329 140.323 0.84102 0.540913 0.00991939 94.558 -0.00586873 -0.00921234 0.99994 0.196008
0.535141 -0.844733 -0.00713031 140.76 0.844727 0.535022 0.0136837 95.2554 -0.00774422 -0.0133459 0.999881 0.180779
0.528898 -0.848679 -0.00329727 141.198 0.848589 0.528775 0.0171384 95.9578 -0.0128015 -0.0118625 0.999848 0.176549
0.522585 -0.852582 0.00302117 141.638 0.852403 0.522542 0.0189551 96.6633 -0.0177395 -0.00733042 0.999816 0.169994
0.517633 -0.855528 0.0113436 142.075 0.855368 0.517756 0.0165492 97.3773 -0.0200315 0.00113652 0.999799 0.158169
0.512451 -0.858564 0.0161955 142.51 0.858446 0.512672 0.015451 98.0965 -0.0215686 0.0059851 0.999749 0.147587
0.507232 -0.861661 0.0160019 142.937 0.86167 0.507396 0.00855828 98.8179 -0.0154936 0.00944731 0.999835 0.132162
0.501149 -0.865192 0.0170779 143.359 0.865342 0.501171 -0.00329056 99.5373 -0.00571197 0.0164273 0.999849 0.11065
0.495263 -0.868404 0.0242625 143.785 0.868741 0.495007 -0.0160448 100.257 0.00192328 0.0290243 0.999577 0.0975697
0.489647 -0.871521 0.0263873 144.202 0.871903 0.489605 -0.00848815 100.99 -0.00552174 0.0271634 0.999616 0.097149
0.484917 -0.874235 0.0238418 144.608 0.874376 0.485194 0.00727181 101.735 -0.0179252 0.0173205 0.999689 0.100146
0.480494 -0.876698 0.0229195 145.011 0.876567 0.480913 0.0187867 102.481 -0.0274925 0.0110636 0.999561 0.101025
0.477027 -0.878603 0.0224057 145.41 0.878515 0.477413 0.0169722 103.225 -0.0256086 0.0115876 0.999605 0.0850999
0.475617 -0.879497 0.0165274 145.806 0.879522 0.475787 0.00828207 103.972 -0.0151476 0.0105972 0.999829 0.0592565
0.473165 -0.880972 0.00192015 146.198 0.88096 0.473169 0.00454667 104.722 -0.00491404 -0.000459749 0.999988 0.0351998
0.471485 -0.881874 -0.000493588 146.592 0.881873 0.471484 0.0014965 105.475 -0.00108701 -0.00114086 0.999999 0.0240008
0.469065 -0.883133 0.00729113 146.997 0.88315 0.469088 0.00175001 106.226 -0.00496568 0.00561829 0.999972 0.0272162
0.468614 -0.883325 0.0117326 147.396 0.883293 0.468724 0.00957881 106.983 -0.0139605 0.00587452 0.999885 0.0318043
0.468901 -0.883146 0.0135799 147.791 0.883019 0.469075 0.0156715 107.747 -0.0202102 0.00464296 0.999785 0.0360267
0.467385 -0.883947 0.0137334 148.19 0.88385 0.467555 0.0142125 108.505 -0.0189842 0.00549557 0.999805 0.0324366
0.465673 -0.884893 0.0105893 148.587 0.884882 0.465756 0.00746106 109.262 -0.0115343 0.00589586 0.999916 0.02254
0.463932 -0.885761 0.0139619 148.988 0.885871 0.463878 -0.00707829 110.015 -0.000206929 0.0156523 0.999877 0.0112382
0.461948 -0.886653 0.021221 149.39 0.886888 0.46165 -0.0175917 110.767 0.00580104 0.0269471 0.99962 0.0106965
0.460853 -0.887195 0.0223729 149.786 0.887476 0.460676 -0.0128217 111.528 0.00106865 0.0257643 0.999667 0.0192115
0.459658 -0.887813 0.0224029 150.176 0.888055 0.459734 -0.00194257 112.289 -0.00857473 0.0207879 0.999747 0.0350136
0.458038 -0.888639 0.0228466 150.562 0.888819 0.458239 0.00422109 113.043 -0.0142202 0.0183731 0.99973 0.0449531
0.457284 -0.889013 0.0233843 150.948 0.889256 0.457409 -1.31685e-06 113.793 -0.010695 0.0207952 0.999727 0.0409998
0.457209 -0.889145 0.0195209 151.337 0.88935 0.457196 -0.0053963 114.539 -0.00412678 0.0198282 0.999795 0.0318407
0.45704 -0.889354 0.0127873 151.716 0.889443 0.457026 -0.00414494 115.291 -0.00215781 0.013268 0.99991 0.0274916
0.456597 -0.889592 0.0120449 152.096 0.88965 0.456641 0.00105976 116.039 -0.00644293 0.0102318 0.999927 0.033596
0.455854 -0.889992 0.0105068 152.476 0.890003 0.455923 0.00533079 116.785 -0.00953465 0.00692101 0.999931 0.038735
0.455502 -0.890189 0.00902869 152.854 0.890149 0.455575 0.00928116 117.53 -0.0123752 0.0038093 0.999916 0.0384101
0.455019 -0.890466 0.00533201 153.227 0.890396 0.455051 0.0111327 118.275 -0.0123396 -0.00031798 0.999924 0.0347999
0.454525 -0.890715 0.0058397 153.598 0.890678 0.45456 0.00827018 119.015 -0.0100209 0.00144229 0.999949 0.0321026
0.453644 -0.891181 0.00163205 153.964 0.891173 0.453647 0.00394044 119.749 -0.00425202 -0.000333116 0.999991 0.0218615
0.452617 -0.891705 -0.000377972 154.326 0.8917 0.452614 0.00344134 120.478 -0.00289758 -0.00189465 0.999994 0.0139504
0.451897 -0.89207 0.000973622 154.676 0.892027 0.451885 0.00935959 121.175 -0.00878937 -0.00336107 0.999956 0.0140077
0.454799 -0.890594 0.000541167 154.995 0.890561 0.454787 0.0083995 121.803 -0.00772666 -0.00333814 0.999965 0.00671178
0.457697 -0.889108 0.000105454 155.313 0.889083 0.457685 0.00744051 122.432 -0.00666369 -0.00331174 0.999972 -0.000586349
