0.522196 -0.852214 0.0322802 -6.54557 0.852784 0.52217 -0.00989467 -11.443 -0.0084234 0.032695 0.99943 0.359517
0.520819 -0.852977 0.0343333 -6.20937 0.853617 0.520804 -0.01009 -10.8943 -0.0092744 0.0345625 0.999359 0.358358
0.518974 -0.854066 0.0351755 -5.86302 0.854735 0.51897 -0.00995177 -10.3184 -0.00975556 0.0352304 0.999332 0.352839
0.516189 -0.855762 0.0349469 -5.49752 0.85643 0.51615 -0.0108313 -9.73319 -0.00876884 0.0355205 0.99933 0.353106
0.512778 -0.857843 0.0341264 -5.12689 0.858486 0.512713 -0.0112938 -9.1319 -0.00780875 0.0350883 0.999354 0.354568
0.50946 -0.859812 0.0342558 -4.74541 0.860464 0.509372 -0.0119032 -8.51612 -0.00721444 0.0355401 0.999342 0.355803
0.50533 -0.862283 0.0333209 -4.35264 0.862904 0.505216 -0.0123752 -7.88138 -0.00616333 0.0350063 0.999368 0.35986
0.501289 -0.864699 0.0316902 -3.95707 0.865264 0.501166 -0.0122969 -7.23546 -0.00524891 0.0335847 0.999422 0.365253
0.497052 -0.867191 0.0303305 -3.55631 0.867706 0.496944 -0.0115474 -6.57534 -0.00505876 0.0320576 0.999473 0.37066
0.492867 -0.869586 0.0300385 -3.1518 0.870086 0.492786 -0.0105617 -5.89826 -0.00561826 0.0313416 0.999493 0.378712
0.488818 -0.871846 0.0306758 -2.74138 0.87236 0.48877 -0.00955891 -5.20364 -0.00665953 0.0314329 0.999484 0.386194
0.485438 -0.873721 0.0310033 -2.32976 0.874243 0.485403 -0.00912068 -4.49548 -0.0070802 0.031532 0.999478 0.395429
0.48255 -0.875311 0.031257 -1.91813 0.87584 0.482513 -0.0092284 -3.77015 -0.00700419 0.0318293 0.999469 0.403359
0.479952 -0.876711 0.0319875 -1.50561 0.877268 0.479901 -0.00975891 -3.03164 -0.00679511 0.0327455 0.999441 0.412496
0.477677 -0.877923 0.0327896 -1.09659 0.878509 0.477618 -0.0101428 -2.28343 -0.00675632 0.0336509 0.999411 0.42091
0.475924 -0.878816 0.0343346 -0.685695 0.879462 0.475836 -0.0112206 -1.51904 -0.00647679 0.0355361 0.999347 0.428271
0.474348 -0.879687 0.0338224 -0.276298 0.880326 0.474188 -0.0131095 -0.750469 -0.00450587 0.0359932 0.999342 0.432324
0.47284 -0.880596 0.0311992 0.135776 0.881147 0.472594 -0.0152949 0.0344142 -0.00127597 0.0347231 0.999396 0.43385
0.471586 -0.881359 0.0285195 0.54823 0.88182 0.471307 -0.0162609 0.826682 0.000890298 0.0328174 0.999461 0.432808
0.470146 -0.88218 0.0268486 0.959488 0.882587 0.469864 -0.0164098 1.62614 0.00186124 0.0314112 0.999505 0.432555
0.469052 -0.882728 0.0279485 1.3737 0.88317 0.468799 -0.0154133 2.43063 0.000503533 0.0319129 0.99949 0.432002
0.467653 -0.883409 0.0298155 1.7927 0.883911 0.467424 -0.0146764 3.23801 -0.000971179 0.0332177 0.999448 0.432588
0.466704 -0.883871 0.0309785 2.21132 0.884411 0.466493 -0.0141756 4.0539 -0.00192184 0.0340136 0.99942 0.430542
0.46524 -0.884655 0.0306214 2.63676 0.885184 0.465007 -0.0147803 4.87397 -0.00116368 0.033982 0.999422 0.426292
0.46434 -0.885102 0.0313389 3.06099 0.885657 0.464049 -0.0164615 5.69536 2.73921e-05 0.0353992 0.999373 0.422177
0.463659 -0.885441 0.0318479 3.48928 0.886014 0.463381 -0.0160669 6.51708 -0.000531368 0.0356673 0.999364 0.419139
0.463522 -0.88552 0.0316573 3.91445 0.886079 0.463356 -0.0128228 7.34145 -0.00331374 0.0339945 0.999417 0.419183
0.463979 -0.885239 0.0328033 4.34352 0.885818 0.463942 -0.00919284 8.17684 -0.00708098 0.0333231 0.99942 0.416747
0.465055 -0.884624 0.0341113 4.77295 0.885221 0.465128 -0.00626236 9.01107 -0.0103263 0.0331084 0.999398 0.411276
0.466704 -0.883708 0.0353309 5.20621 0.884334 0.466826 -0.00521198 9.84787 -0.0118875 0.0336767 0.999362 0.404338
0.468438 -0.882808 0.0348605 5.64225 0.883436 0.468502 -0.00683392 10.6878 -0.0102992 0.0339983 0.999369 0.391567
0.469816 -0.882166 0.032513 6.08605 0.882743 0.469741 -0.0103765 11.5375 -0.00611886 0.0335757 0.999417 0.38025
0.471039 -0.881601 0.0300389 6.53699 0.882111 0.470828 -0.0141702 12.3921 -0.00165076 0.0331724 0.999448 0.371495
0.471925 -0.881147 0.0294264 6.99043 0.881638 0.47169 -0.0149053 13.2464 -0.000746419 0.0329776 0.999456 0.370265
0.471904 -0.881098 0.0311779 7.449 0.881638 0.471784 -0.0115891 14.1044 -0.00449809 0.0329565 0.999447 0.373294
0.471059 -0.881379 0.0357079 7.90766 0.882051 0.471082 -0.008304 14.9714 -0.00950238 0.0354079 0.999328 0.375687
0.470083 -0.881547 0.0435415 8.37036 0.882555 0.470084 -0.0108593 15.8391 -0.0108952 0.0435325 0.998993 0.374099
0.46889 -0.881995 0.0471939 8.83889 0.883222 0.468679 -0.0161234 16.7076 -0.00789805 0.0492427 0.998756 0.366646
0.467539 -0.882769 0.0460988 9.31067 0.883965 0.467106 -0.0204284 17.5842 -0.00349952 0.0503008 0.998728 0.360303
0.4659 -0.883811 0.0426012 9.77447 0.884837 0.465404 -0.0214995 18.4633 -0.000825264 0.0477117 0.998861 0.357023
0.464726 -0.884466 0.0418288 10.2351 0.885454 0.464269 -0.0206379 19.3427 -0.00116629 0.0466284 0.998912 0.357421
0.463577 -0.88511 0.040951 10.7049 0.886048 0.463282 -0.0169864 20.2338 -0.00393704 0.0441591 0.999017 0.358834
0.462417 -0.885787 0.0394017 11.1725 0.886642 0.462255 -0.0136825 21.1277 -0.00609383 0.0412623 0.99913 0.360588
0.461372 -0.8863 0.0401001 11.6393 0.887167 0.46131 -0.0113608 22.0248 -0.00842946 0.040817 0.999131 0.359594
0.460733 -0.88655 0.0418831 12.1063 0.887468 0.46078 -0.00910299 22.9197 -0.0112287 0.041364 0.999081 0.35858
0.460388 -0.886758 0.041268 12.5643 0.887599 0.46059 -0.00505585 23.8143 -0.0145243 0.0389571 0.999135 0.356038
0.460343 -0.886804 0.0407815 13.02 0.887616 0.460563 -0.00437804 24.7112 -0.0149 0.0382137 0.999159 0.349311
0.459995 -0.886944 0.0416531 13.4795 0.887814 0.460164 -0.00600914 25.6021 -0.0138375 0.0397444 0.999114 0.34142
0.460291 -0.886884 0.039605 13.937 0.887697 0.46036 -0.00788485 26.4986 -0.0112396 0.0387866 0.999184 0.330093
0.459875 -0.887176 0.0378761 14.3883 0.887926 0.459913 -0.00820465 27.3874 -0.0101408 0.0374043 0.999249 0.323798
0.458644 -0.887698 0.040458 14.8405 0.888552 0.458697 -0.0085231 28.2771 -0.010992 0.0398581 0.999145 0.318626
0.457748 -0.888026 0.043327 15.2917 0.888996 0.457837 -0.00843218 29.1677 -0.0123487 0.0423774 0.999025 0.31225
0.457204 -0.888284 0.0437757 15.7383 0.889288 0.457247 -0.00959276 30.0508 -0.0114952 0.0433151 0.998995 0.308568
0.456819 -0.888711 0.0388465 16.1828 0.889534 0.456701 -0.0123845 30.9348 -0.00673504 0.0402128 0.999168 0.302698
0.456731 -0.888859 0.0364245 16.6241 0.889597 0.456513 -0.0145714 31.8143 -0.00367637 0.0390583 0.99923 0.297683
0.456118 -0.889164 0.0366436 17.0659 0.889905 0.455953 -0.01323 32.6881 -0.00494409 0.0386438 0.999241 0.297218
0.455674 -0.889201 0.0410225 17.5137 0.890098 0.455647 -0.010535 33.5676 -0.00932409 0.0413145 0.999103 0.30336
0.455406 -0.889238 0.0431398 17.9555 0.890214 0.455442 -0.00956006 34.4422 -0.0111465 0.0427573 0.999023 0.304972
0.455265 -0.889196 0.0454375 18.3945 0.890289 0.455263 -0.0109834 35.3118 -0.0109197 0.0454529 0.998907 0.303573
0.454953 -0.889289 0.0467306 18.8382 0.890462 0.454875 -0.0129088 36.1827 -0.00977697 0.0474847 0.998824 0.30554
0.454061 -0.889749 0.0466305 19.2761 0.890919 0.453974 -0.0130515 37.0452 -0.00955652 0.0474702 0.998827 0.30678
0.453014 -0.89015 0.0491131 19.7135 0.891418 0.453046 -0.0111132 37.9104 -0.0123581 0.0488148 0.998731 0.308735
0.451798 -0.890488 0.0539427 20.1582 0.891953 0.452058 -0.00797952 38.7728 -0.0172795 0.0517195 0.998512 0.313709
0.450953 -0.890841 0.0551667 20.5917 0.892304 0.451411 -0.0045587 39.6272 -0.0208418 0.0512812 0.998467 0.313794
0.450123 -0.891264 0.0551091 21.0193 0.892754 0.450505 -0.00598682 40.4826 -0.0194911 0.0518936 0.998462 0.307658
0.448845 -0.892143 0.0511726 21.4435 0.893513 0.4489 -0.0110661 41.3294 -0.0130988 0.0506904 0.998628 0.295255
0.448202 -0.892673 0.0474338 21.8626 0.893906 0.447962 -0.0161587 42.1689 -0.00682415 0.0496437 0.998744 0.283316
0.44721 -0.893383 0.0432553 22.2761 0.894416 0.446946 -0.0161268 43.0061 -0.00492543 0.0459003 0.998934 0.277358
0.446327 -0.893894 0.041778 22.6818 0.894844 0.44618 -0.013299 43.8266 -0.00675265 0.0433205 0.999038 0.279809
0.445082 -0.894518 0.0417045 23.0862 0.895444 0.445048 -0.0106148 44.6376 -0.00906537 0.0420685 0.999074 0.285757
0.443835 -0.895137 0.0417141 23.4766 0.89606 0.443817 -0.0101896 45.4299 -0.00939231 0.0419008 0.999078 0.287446
0.442516 -0.895812 0.0412282 23.8615 0.896708 0.442519 -0.00956128 46.2076 -0.00967914 0.0412007 0.999104 0.286974
0.440941 -0.896573 0.0415638 24.2373 0.897474 0.440983 -0.00865654 46.9756 -0.0105677 0.0411195 0.999098 0.287363
0.439501 -0.897265 0.0418822 24.6053 0.898176 0.439555 -0.00839485 47.7273 -0.0108771 0.0413072 0.999087 0.28941
0.438224 -0.897852 0.0426765 24.9642 0.898793 0.438297 -0.00812834 48.4656 -0.011407 0.0419194 0.999056 0.290127
0.437047 -0.898413 0.0429487 25.3114 0.899342 0.437201 -0.00624936 49.1934 -0.0131627 0.0413568 0.999058 0.289482
0.435714 -0.899083 0.0424535 25.6513 0.89993 0.43603 -0.00200394 49.9105 -0.0167093 0.0390784 0.999096 0.289664
0.434235 -0.899774 0.0429759 25.9839 0.900592 0.434665 0.000745722 50.6132 -0.0193511 0.0383799 0.999076 0.288937
0.432749 -0.900545 0.0417964 26.3105 0.901335 0.433123 -0.000115269 51.306 -0.0179992 0.0377225 0.999126 0.283665
0.43181 -0.901047 0.0406817 26.6163 0.90189 0.431914 -0.00663039 51.9754 -0.0115967 0.0395535 0.99915 0.272567
0.431028 -0.901505 0.0387937 26.9221 0.902327 0.430847 -0.0133286 52.6372 -0.00469836 0.0407496 0.999158 0.261727
0.430559 -0.901811 0.0368235 27.2124 0.90256 0.430281 -0.0155774 53.2705 -0.00179659 0.0399424 0.9992 0.251091
0.430089 -0.902056 0.0363043 27.4942 0.902779 0.429897 -0.0133372 53.8875 -0.00357622 0.038511 0.999252 0.249537
0.428778 -0.902612 0.0379661 27.7653 0.903381 0.428722 -0.0100093 54.4837 -0.00724242 0.0385897 0.999229 0.256004
0.427765 -0.90301 0.0398851 28.0322 0.903866 0.427661 -0.0115357 55.0597 -0.00664044 0.0409854 0.999138 0.260155
0.427638 -0.902973 0.0420195 28.3002 0.903947 0.427305 -0.0170654 55.6216 -0.00254555 0.0452811 0.998971 0.259416
0.428414 -0.902519 0.0438414 28.5563 0.903581 0.427801 -0.0229953 56.1626 0.00199826 0.0494657 0.998774 0.254654
0.430859 -0.901423 0.0424004 28.8091 0.90241 0.430169 -0.0247052 56.6922 0.00403045 0.048907 0.998795 0.25628
0.434226 -0.899978 0.0385701 29.05 0.900803 0.433763 -0.0200965 57.2087 0.00135614 0.0434705 0.999054 0.259675
0.438477 -0.897915 0.038564 29.2886 0.89874 0.438177 -0.0163733 57.7059 -0.00219607 0.0418383 0.999122 0.262857
0.443019 -0.895506 0.0424531 29.5312 0.896486 0.442873 -0.013316 58.1852 -0.00687674 0.0439578 0.99901 0.270222
0.449345 -0.892047 0.048398 29.7695 0.893286 0.449338 -0.0116305 58.6501 -0.0113721 0.0484593 0.99876 0.278984
0.458244 -0.887486 0.0488029 30.0032 0.88872 0.458347 -0.00970492 59.1104 -0.0137557 0.0478193 0.998761 0.284766
0.470305 -0.881415 0.0438166 30.2372 0.882401 0.470429 -0.00807953 59.5558 -0.0134912 0.0424636 0.999007 0.28609
0.485761 -0.873237 0.038634 30.4671 0.873977 0.485937 -0.00532563 59.9922 -0.0141231 0.0363522 0.999239 0.286152
0.504061 -0.862864 0.0372616 30.6996 0.863536 0.504269 -0.00425441 60.4029 -0.0151189 0.0343212 0.999296 0.283035
0.525831 -0.84963 0.0403731 30.9356 0.850415 0.526091 -0.0047469 60.7944 -0.0172068 0.0368299 0.999173 0.279566
0.550463 -0.833775 0.0425415 31.1788 0.834619 0.550813 -0.00405866 61.1727 -0.0200484 0.0377401 0.999086 0.2803
0.578128 -0.814788 0.0434546 31.4129 0.815615 0.57859 -0.00233941 61.5413 -0.0232363 0.0367947 0.999053 0.28199
0.607991 -0.792745 0.043605 31.6581 0.793535 0.608523 -0.0013451 61.8989 -0.0254684 0.0354199 0.999048 0.281931
0.64114 -0.76621 0.0431444 31.9004 0.766932 0.641728 -0.000304351 62.2444 -0.0274538 0.033284 0.999069 0.275916
0.675752 -0.735875 0.0429783 32.1594 0.736542 0.676391 0.000444649 62.5754 -0.0293973 0.0313549 0.999076 0.267401
0.7118 -0.70117 0.0412477 32.423 0.701738 0.712435 0.000982135 62.8919 -0.0300749 0.028246 0.999148 0.261069
0.749112 -0.661315 0.0386514 32.6997 0.661805 0.749676 0.000146292 63.179 -0.0290728 0.0254701 0.999253 0.255023
0.786515 -0.616457 0.0370883 32.991 0.616913 0.787031 -0.00109545 63.4489 -0.0285144 0.0237419 0.999311 0.246948
0.823399 -0.566304 0.0362404 33.2923 0.566729 0.823902 -0.00179807 63.7076 -0.0288403 0.022019 0.999341 0.235054
0.858339 -0.511935 0.0343127 33.6055 0.512296 0.858806 -0.00206792 63.9454 -0.0284093 0.0193533 0.999409 0.217653
0.890214 -0.454288 0.0337952 33.9315 0.45467 0.89065 -0.00417932 64.158 -0.0282011 0.0190861 0.99942 0.204119
0.918425 -0.39418 0.0334174 34.2651 0.394547 0.918862 -0.00493281 64.3406 -0.0287616 0.0177152 0.999429 0.193076
0.942181 -0.333369 0.0340731 34.6078 0.333722 0.942658 -0.00509407 64.5044 -0.030421 0.0161705 0.999406 0.184365
0.96173 -0.271711 0.0353242 34.9626 0.271987 0.962296 -0.0031495 64.6516 -0.0331365 0.0126367 0.999371 0.174448
0.97693 -0.210431 0.0364189 35.3312 0.21061 0.97757 -0.00110335 64.77 -0.0353699 0.00874809 0.999336 0.157522
0.988088 -0.149656 0.0358408 35.7045 0.14983 0.988709 -0.00221588 64.8575 -0.0351045 0.00755952 0.999355 0.139897
0.995279 -0.0904319 0.0352381 36.0874 0.090716 0.995855 -0.00654414 64.9223 -0.0345002 0.0097099 0.999358 0.122967
0.998848 -0.0335912 0.0342629 36.4705 0.0338733 0.999397 -0.00768671 64.9605 -0.033984 0.00883845 0.999383 0.113339
0.999223 0.0217749 0.032843 36.8555 -0.0216623 0.999758 -0.00378127 64.9978 -0.0329174 0.00306688 0.999453 0.100542
0.996761 0.074113 0.0312231 37.2457 -0.0741182 0.997249 -0.000991303 65.0058 -0.0312107 -0.00132611 0.999512 0.0885703
0.992116 0.12203 0.0285328 37.6365 -0.121963 0.992526 -0.00407265 64.9943 -0.0288166 0.000560583 0.999585 0.069018
0.985794 0.165703 0.0274386 38.0297 -0.165293 0.986104 -0.0166247 64.9566 -0.0298121 0.0118531 0.999485 0.0523004
0.978588 0.20386 0.028395 38.4271 -0.203138 0.978795 -0.0263855 64.8957 -0.0331719 0.0200524 0.999249 0.0406069
0.970848 0.238025 0.0282567 38.8307 -0.23732 0.971079 -0.0261556 64.8368 -0.0336652 0.0186872 0.999258 0.032205
0.962773 0.269075 0.0258102 39.2435 -0.268689 0.963068 -0.0174806 64.7679 -0.0295606 0.00989495 0.999514 0.0288669
0.954489 0.297287 0.0238831 39.6609 -0.297161 0.954787 -0.00872465 64.6855 -0.0253971 0.00123043 0.999677 0.0281681
0.946273 0.322675 0.0211491 40.0753 -0.322594 0.94651 -0.00724561 64.5799 -0.0223558 3.37396e-05 0.99975 0.0266675
0.938204 0.345653 0.0172307 40.4964 -0.345494 0.93835 -0.0115601 64.4588 -0.0201642 0.00489263 0.999785 0.0232774
0.930734 0.365574 0.00952499 40.9188 -0.365393 0.930705 -0.0166112 64.3221 -0.0149376 0.0119802 0.999817 0.0107964
0.923555 0.383465 0.000850771 41.3461 -0.383397 0.923427 -0.0170264 64.171 -0.00731464 0.0153986 0.999855 -0.0102917
0.916428 0.400198 -0.00135857 41.7789 -0.400177 0.916331 -0.0139682 64.0125 -0.00434515 0.0133445 0.999902 -0.0198292
0.90985 0.414924 0.00340711 42.2267 -0.414864 0.909812 -0.0113807 63.8352 -0.00782197 0.00894127 0.999929 -0.015648
0.903536 0.428418 0.00897502 42.6784 -0.428319 0.90356 -0.0110909 63.647 -0.012861 0.00617687 0.999898 -0.00572715
0.897429 0.441018 0.0111329 43.1416 -0.440874 0.897471 -0.0132969 63.4392 -0.0158556 0.00702478 0.99985 -0.000665851
0.891802 0.452292 0.010977 43.6132 -0.452093 0.891815 -0.0166677 63.2172 -0.0173281 0.00990163 0.999801 -0.00106344
0.886785 0.462098 0.00886382 44.0993 -0.461865 0.886722 -0.0201137 62.9784 -0.0171543 0.0137427 0.999758 -0.00508046
0.882592 0.470094 0.00652807 44.5942 -0.469871 0.882472 -0.0215637 62.7326 -0.0158978 0.0159646 0.999746 -0.0116396
0.879522 0.475828 0.00528574 45.0991 -0.475616 0.879375 -0.0221012 62.4752 -0.0151645 0.0169245 0.999742 -0.0170978
0.877028 0.480423 0.00388636 45.6148 -0.480235 0.876864 -0.0220113 62.2021 -0.0139826 0.0174382 0.99975 -0.0262509
0.874282 0.485411 0.0028009 46.1433 -0.485248 0.874112 -0.0214881 61.9192 -0.0128789 0.0174275 0.999765 -0.0343916
0.871839 0.489791 0.00121517 46.684 -0.489634 0.871617 -0.0233028 61.6217 -0.0124727 0.0197213 0.999728 -0.0425249
0.870198 0.492703 0.000397957 47.234 -0.492549 0.869947 -0.0242495 61.3131 -0.012294 0.0209058 0.999706 -0.0529279
0.868734 0.495279 -0.000687401 47.7938 -0.495126 0.868429 -0.0261145 60.9974 -0.012337 0.0230269 0.999659 -0.0617442
0.867562 0.497328 -0.00137259 48.3686 -0.497168 0.867206 -0.0279045 60.6715 -0.0126873 0.0248912 0.99961 -0.0716371
0.866862 0.498539 -0.00294325 48.954 -0.49838 0.866403 -0.0310234 60.3334 -0.0129163 0.0283599 0.999514 -0.0811162
0.867198 0.497946 -0.00417192 49.5504 -0.497788 0.86664 -0.0337984 59.9823 -0.0132143 0.0313867 0.99942 -0.0906087
0.868316 0.495976 -0.00596671 50.1646 -0.495842 0.86764 -0.0366286 59.6258 -0.01299 0.0347637 0.999311 -0.101493
0.870092 0.492836 -0.00720168 50.7861 -0.492721 0.869323 -0.0387594 59.2623 -0.0128414 0.0372727 0.999223 -0.111094
0.872523 0.488509 -0.0079912 51.4247 -0.488409 0.871688 -0.0402018 58.8963 -0.0126731 0.0389799 0.99916 -0.123198
0.87478 0.484463 -0.00748372 52.0838 -0.484337 0.873917 -0.0410734 58.5161 -0.0133584 0.0395548 0.999128 -0.136315
0.876947 0.480548 -0.00614482 52.753 -0.480362 0.876074 -0.0417913 58.1374 -0.0146994 0.0396005 0.999107 -0.147508
0.879058 0.476694 -0.00434482 53.4402 -0.476448 0.878228 -0.0413779 57.7538 -0.0159089 0.0384437 0.999134 -0.163885
0.881172 0.47279 -0.00227519 54.1396 -0.472485 0.880409 -0.0404708 57.3702 -0.0171311 0.0367368 0.999178 -0.179749
0.883177 0.469039 -0.000831131 54.8529 -0.46873 0.882528 -0.0379078 56.9749 -0.0170468 0.0338689 0.999281 -0.198723
0.884871 0.465828 -0.00282504 55.5675 -0.465622 0.884264 -0.0356929 56.5916 -0.0141287 0.032899 0.999359 -0.213485
0.885843 0.463953 -0.00541761 56.2938 -0.463893 0.885377 -0.0301989 56.213 -0.00921424 0.0292647 0.999529 -0.227709
0.885882 0.463858 -0.00694753 57.0192 -0.463879 0.885552 -0.0247891 55.8347 -0.00534622 0.025183 0.999669 -0.239823
0.885778 0.464072 -0.00596982 57.7476 -0.464084 0.885518 -0.0220144 55.4641 -0.00492987 0.0222704 0.99974 -0.243157
0.885578 0.464476 -0.00368483 58.4822 -0.464439 0.885334 -0.0218975 55.0879 -0.00690857 0.0211034 0.999753 -0.242926
0.88556 0.464516 -0.00282054 59.2042 -0.464455 0.885305 -0.0227469 54.7203 -0.00806927 0.0214538 0.999737 -0.240466
0.885551 0.464539 -0.00163103 59.9314 -0.464457 0.885318 -0.022182 54.3458 -0.00886044 0.0204009 0.999753 -0.240602
0.885657 0.46434 -0.000588248 60.6587 -0.464252 0.885461 -0.0207149 53.978 -0.00909789 0.0186194 0.999785 -0.240688
0.885719 0.464221 -0.000629637 61.3862 -0.464149 0.885556 -0.0188888 53.6069 -0.00821101 0.0170224 0.999821 -0.245224
0.885405 0.46482 -0.00102357 62.1101 -0.464769 0.88527 -0.0169487 53.2409 -0.00697198 0.0154822 0.999856 -0.246342
0.884409 0.466713 -0.000223108 62.8337 -0.466666 0.884313 -0.0146118 52.8771 -0.00662224 0.013027 0.999893 -0.248046
0.882767 0.46981 0.000727205 63.5615 -0.469755 0.882684 -0.0141123 52.5114 -0.00727198 0.0121162 0.9999 -0.246757
0.880488 0.474057 0.00327612 64.2841 -0.47398 0.880437 -0.0131347 52.1456 -0.00911101 0.0100121 0.999908 -0.246495
0.877649 0.479267 0.00590702 65.006 -0.479169 0.877629 -0.0128693 51.7694 -0.011352 0.00846429 0.9999 -0.245311
0.87424 0.485452 0.00637555 65.7201 -0.485346 0.874222 -0.0132312 51.4003 -0.0119967 0.00847287 0.999892 -0.244615
0.869892 0.493216 0.00515871 66.4311 -0.493118 0.869859 -0.0133945 51.0242 -0.0110937 0.00910793 0.999897 -0.248057
0.864838 0.502031 0.00456413 67.1334 -0.501943 0.864804 -0.012938 50.6402 -0.0104424 0.00889834 0.999906 -0.255401
0.859574 0.510997 0.00392256 67.8239 -0.51091 0.85953 -0.0133851 50.2529 -0.0102113 0.00950143 0.999903 -0.257948
0.853879 0.52044 0.0057521 68.5171 -0.520336 0.853857 -0.0133734 49.8529 -0.0118715 0.00842622 0.999894 -0.25904
0.847722 0.530396 0.00689479 69.1987 -0.530276 0.847711 -0.0138655 49.4458 -0.013199 0.00809792 0.99988 -0.259967
0.841578 0.540098 0.00634722 69.8702 -0.53997 0.841553 -0.0148764 49.0325 -0.0133762 0.00909234 0.999869 -0.261873
0.835477 0.549498 0.00548867 70.5319 -0.549374 0.83544 -0.0150919 48.6171 -0.0128784 0.00959358 0.999871 -0.265223
0.829542 0.558425 0.00457243 71.1872 -0.55832 0.829503 -0.0142321 48.1925 -0.0117404 0.00925323 0.999888 -0.268031
0.823593 0.567168 0.00395098 71.8391 -0.567082 0.823558 -0.0130029 47.7605 -0.0106287 0.00846853 0.999908 -0.270628
0.817771 0.575536 0.00295502 72.4811 -0.575458 0.817727 -0.0130597 47.3221 -0.00993269 0.00897932 0.99991 -0.271536
0.812181 0.583403 0.00142224 73.1098 -0.583337 0.812121 -0.0133335 46.8877 -0.00893385 0.00999958 0.99991 -0.270167
0.806515 0.591213 0.000897313 73.7299 -0.59115 0.80645 -0.0134275 46.4465 -0.00866216 0.0102991 0.999909 -0.267923
0.801062 0.598582 -0.00028765 74.3417 -0.598516 0.800967 -0.0151967 46.0064 -0.00886607 0.0123457 0.999884 -0.266336
0.796351 0.604835 -0.000575744 74.94 -0.604755 0.79623 -0.0170262 45.5651 -0.00983961 0.013907 0.999855 -0.264455
0.792619 0.609717 -0.00022568 75.5282 -0.609609 0.792471 -0.0191474 45.1223 -0.0114956 0.0153141 0.999817 -0.262316
0.790225 0.612817 -6.3285e-06 76.1012 -0.61266 0.790022 -0.0226484 44.6864 -0.0138743 0.0179012 0.999744 -0.259973
0.788346 0.615231 -0.000763458 76.6692 -0.615032 0.788058 -0.0264611 44.2492 -0.015678 0.02133 0.99965 -0.258884
0.78708 0.616851 -0.00030239 77.2222 -0.616621 0.786772 -0.0277243 43.8219 -0.0168639 0.0220077 0.999616 -0.258992
0.786519 0.617565 -0.00129612 77.7657 -0.617335 0.786165 -0.0290131 43.396 -0.0168985 0.0236195 0.999578 -0.261149
0.786755 0.617252 -0.0039288 78.2943 -0.617063 0.786319 -0.0305908 42.9841 -0.0157929 0.0264918 0.999524 -0.263547
0.788413 0.615114 -0.0063842 78.8012 -0.614982 0.787919 -0.0313179 42.5845 -0.0142338 0.0286176 0.999489 -0.264381
0.791441 0.611177 -0.00921432 79.3001 -0.611115 0.790867 -0.032678 42.1902 -0.0126847 0.0314937 0.999423 -0.261854
0.796262 0.60484 -0.0116031 79.7795 -0.604846 0.795619 -0.0339236 41.8152 -0.0112867 0.0340301 0.999357 -0.255633
0.802834 0.596048 -0.0136172 80.2416 -0.596115 0.802115 -0.035466 41.4614 -0.0102169 0.0365907 0.999278 -0.24613
0.810782 0.585144 -0.0154807 80.6973 -0.585278 0.809987 -0.0370398 41.1204 -0.00913445 0.0390917 0.999194 -0.235313
0.820494 0.571411 -0.016703 81.1407 -0.571612 0.819725 -0.0362024 40.804 -0.00699452 0.0392515 0.999205 -0.223377
0.831926 0.554566 -0.018835 81.571 -0.554874 0.831199 -0.0349709 40.4991 -0.00373806 0.0395443 0.999211 -0.213478
0.84508 0.534246 -0.0205425 82.0025 -0.53464 0.844466 -0.0322113 40.2064 0.000138708 0.038204 0.99927 -0.204302
0.85961 0.51051 -0.0212384 82.437 -0.510942 0.859101 -0.0297139 39.9299 0.00307667 0.0363939 0.999333 -0.192619
0.875601 0.482571 -0.0211772 82.8756 -0.483013 0.875143 -0.0287059 39.6757 0.00468048 0.0353638 0.999364 -0.182723
0.892819 0.450016 -0.0189706 83.3276 -0.450401 0.892347 -0.0292732 39.4379 0.00375492 0.03468 0.999391 -0.171857
0.910964 0.412197 -0.0154364 83.7745 -0.412483 0.910459 -0.0303498 39.2195 0.00154409 0.0340148 0.99942 -0.159446
0.928864 0.370266 -0.0107111 84.2343 -0.370417 0.928341 -0.0312254 39.0282 -0.00161811 0.0329718 0.999455 -0.148198
0.945755 0.324836 -0.00544229 84.701 -0.324845 0.945267 -0.0307419 38.8697 -0.00484164 0.0308422 0.999513 -0.13766
0.961437 0.275022 -0.00152782 85.1739 -0.274947 0.961011 -0.0293713 38.7389 -0.00660953 0.0286588 0.999567 -0.129653
0.975385 0.220508 0.000398067 85.6531 -0.220407 0.974988 -0.0286114 38.6324 -0.00669716 0.0278194 0.999591 -0.126884
0.986867 0.161535 -0.000589979 86.1298 -0.161473 0.986377 -0.0314137 38.5638 -0.00449246 0.0310964 0.999506 -0.12405
0.995189 0.0978842 -0.00426749 86.5966 -0.0979729 0.994606 -0.03405 38.5242 0.000911523 0.0343042 0.999411 -0.119827
0.999496 0.0303412 -0.00935 87.067 -0.0306668 0.998848 -0.0369029 38.5096 0.00821955 0.0371711 0.999275 -0.112624
0.99916 -0.038772 -0.0132587 87.5344 0.0382609 0.998588 -0.0368445 38.5269 0.0146685 0.0363063 0.999233 -0.10476
0.993952 -0.108685 -0.0157422 87.9987 0.108087 0.993529 -0.0348967 38.5682 0.0194331 0.0329841 0.999267 -0.0990234
0.983822 -0.178302 -0.0173817 88.4573 0.177629 0.983488 -0.0346381 38.6422 0.0232707 0.0309903 0.999249 -0.0925768
0.969141 -0.245908 -0.0171568 88.8991 0.245174 0.968794 -0.0364476 38.7404 0.0255842 0.0311165 0.999188 -0.0820097
0.950119 -0.311621 -0.0129158 89.3318 0.310971 0.949685 -0.0373657 38.8669 0.0239099 0.0314854 0.999218 -0.0644646
0.926878 -0.375308 -0.00638827 89.7474 0.374872 0.926404 -0.0353139 39.0248 0.0191717 0.0303369 0.999356 -0.0451618
0.899971 -0.43595 0.000395955 90.1528 0.435733 0.899494 -0.0323496 39.2102 0.0137466 0.0292862 0.999477 -0.0260841
0.870351 -0.492394 0.00608508 90.5482 0.492351 0.869918 -0.028853 39.4165 0.00891355 0.0281083 0.999565 -0.0111223
0.839626 -0.54305 0.0111667 90.9324 0.54315 0.839276 -0.0245579 39.6428 0.00396421 0.0266847 0.999636 0.00835615
0.809371 -0.587145 0.013425 91.312 0.587297 0.809126 -0.019918 39.8893 0.000832202 0.0240055 0.999711 0.0267969
0.78193 -0.623229 0.0130858 91.6693 0.623365 0.781805 -0.0140568 40.1573 -0.00146995 0.0191487 0.999816 0.0400168
0.757029 -0.6533 0.0102712 92.0251 0.653381 0.756954 -0.0107205 40.4438 -0.000771111 0.0148267 0.99989 0.0462395
0.735318 -0.677679 0.00770424 92.3649 0.677721 0.735245 -0.0104307 40.7509 0.00140417 0.0128912 0.999916 0.0443404
0.718156 -0.695811 0.00993515 92.7048 0.695877 0.718027 -0.0138681 41.0614 0.00251586 0.0168731 0.999854 0.0453132
0.706698 -0.70739 0.0133476 93.0361 0.707512 0.706506 -0.0166213 41.3877 0.00232759 0.0211899 0.999773 0.054103
0.697786 -0.716191 0.0128353 93.3731 0.716302 0.697608 -0.0159556 41.7271 0.00247321 0.0203276 0.99979 0.0627498
0.691112 -0.722685 0.00946539 93.71 0.722743 0.691003 -0.0125198 42.0866 0.00250727 0.0154936 0.999877 0.0650365
0.686625 -0.726992 0.00536813 94.0472 0.727008 0.686577 -0.00841029 42.456 0.00242858 0.00967738 0.99995 0.0676087
0.684144 -0.729347 -0.000877752 94.3928 0.729329 0.684135 -0.00615369 42.833 0.00508868 0.00356984 0.999981 0.0691502
0.684005 -0.729464 -0.00434707 94.7463 0.729436 0.684018 -0.00655059 43.2263 0.0077519 0.00130973 0.999969 0.0754005
0.685577 -0.727989 -0.00413777 95.1098 0.727932 0.685579 -0.00978333 43.6164 0.00995893 0.00369521 0.999944 0.0856567
0.68917 -0.724585 -0.00460321 95.4866 0.724453 0.689144 -0.0157943 44.0194 0.0146166 0.00755012 0.999865 0.0914968
0.693145 -0.720775 -0.00581284 95.8754 0.720535 0.693087 -0.0214526 44.4296 0.0194913 0.0106814 0.999753 0.0978187
0.697092 -0.71693 -0.00859955 96.2719 0.716701 0.697105 -0.0196003 44.8513 0.0200468 0.00749989 0.999771 0.110159
0.701578 -0.712532 -0.00929424 96.6815 0.712414 0.701634 -0.0132771 45.2941 0.0159815 0.00269357 0.999869 0.127321
0.705477 -0.70872 -0.00437797 97.1017 0.708653 0.705476 -0.010678 45.7346 0.0106562 0.00443059 0.999933 0.150654
0.708822 -0.705383 0.00231345 97.5413 0.705371 0.70878 -0.00909031 46.1863 0.00477243 0.00807526 0.999956 0.170372
0.711541 -0.702597 0.00820317 97.9892 0.702643 0.711514 -0.00638968 46.636 -0.0013473 0.0103104 0.999946 0.18829
0.714073 -0.699987 0.0109057 98.4486 0.70006 0.714065 -0.00525374 47.0974 -0.00410986 0.0113862 0.999927 0.196642
0.715232 -0.698762 0.0132208 98.9242 0.698883 0.715168 -0.00985929 47.5665 -0.00256583 0.0162915 0.999864 0.202434
0.715018 -0.699022 0.0108429 99.4014 0.699101 0.714868 -0.0148503 48.0329 0.00262949 0.0181985 0.999831 0.209599
0.714316 -0.699797 0.00601953 99.9011 0.699746 0.714085 -0.0209202 48.5183 0.0103414 0.0191558 0.999763 0.211151
0.712635 -0.701535 0.000839756 100.403 0.701366 0.712436 -0.0228091 49.0099 0.0154031 0.0168435 0.999739 0.215967
0.710496 -0.703701 0.000612049 100.913 0.70356 0.710336 -0.020634 49.5133 0.0140854 0.015091 0.999787 0.224485
0.708789 -0.705402 0.00512521 101.429 0.705383 0.708657 -0.0154952 50.0177 0.00729835 0.0145981 0.999867 0.239156
0.706902 -0.707253 0.00908635 101.95 0.707311 0.706858 -0.00793996 50.5345 -0.000807199 0.0120396 0.999927 0.255813
0.705061 -0.709097 0.00837207 102.475 0.709137 0.705063 -0.00318744 51.0558 -0.00364264 0.00818429 0.99996 0.268633
0.70379 -0.710401 0.00323725 103.007 0.710407 0.70379 -0.0013034 51.6013 -0.00135241 0.00321709 0.999994 0.275317
0.701405 -0.712759 -0.00239688 103.543 0.712752 0.701408 -0.00338708 52.1483 0.00409536 0.000667332 0.999991 0.279541
0.69846 -0.71563 -0.00530788 104.09 0.715603 0.698479 -0.00623183 52.7166 0.00816713 0.000554348 0.999967 0.281693
0.695538 -0.718472 -0.00487984 104.641 0.718439 0.695554 -0.00703948 53.2828 0.00845186 0.00139036 0.999963 0.291355
0.692783 -0.721146 -0.000767898 105.206 0.721121 0.692768 -0.00758394 53.8713 0.0060011 0.00470028 0.999971 0.30446
0.690935 -0.722912 0.00286939 105.766 0.722912 0.690908 -0.00664315 54.4569 0.00281992 0.0066643 0.999974 0.320823
0.689718 -0.724045 0.00683967 106.336 0.724078 0.689689 -0.00631767 55.055 -0.000142968 0.00930987 0.999957 0.331886
0.689116 -0.724585 0.00978321 106.91 0.724648 0.689087 -0.00658116 55.6565 -0.00197288 0.0116246 0.999931 0.339621
0.688801 -0.724888 0.00946416 107.486 0.724939 0.688805 -0.00344001 56.2653 -0.00402533 0.00923043 0.999949 0.347045
0.688875 -0.724846 0.0070404 108.064 0.724869 0.688886 -0.00109001 56.8836 -0.00405994 0.00585425 0.999975 0.35281
0.689303 -0.724473 -0.000538622 108.638 0.724472 0.6893 0.00239618 57.5013 -0.0013647 -0.00204191 0.999997 0.354641
0.690069 -0.723704 -0.00750318 109.221 0.723743 0.690042 0.00624053 58.1316 0.000661208 -0.00973677 0.999952 0.356379
0.691494 -0.722246 -0.0139985 109.802 0.722381 0.691385 0.0123379 58.7593 0.000767342 -0.0186438 0.999826 0.35839
0.693889 -0.719904 -0.0160434 110.389 0.720081 0.693667 0.0175817 59.3963 -0.00152832 -0.0237522 0.999717 0.365789
0.696012 -0.717845 -0.0162978 110.974 0.718026 0.695756 0.0190152 60.0291 -0.00231067 -0.0249371 0.999686 0.371726
0.697469 -0.716393 -0.0178091 111.562 0.716615 0.697236 0.018036 60.6623 -0.000503717 -0.0253418 0.999679 0.37514
0.698776 -0.715205 -0.0139091 112.157 0.715341 0.698645 0.0135125 61.2922 5.32975e-05 -0.019392 0.999812 0.381681
0.698995 -0.715069 -0.00912507 112.753 0.715127 0.69893 0.00953136 61.9108 -0.000437796 -0.0131879 0.999913 0.391472
0.699768 -0.714346 -0.0058197 113.352 0.71437 0.699742 0.00608086 62.5361 -0.000271552 -0.00841261 0.999965 0.40431
0.700681 -0.713453 -0.00548898 113.944 0.713471 0.700635 0.00833575 63.1583 -0.0021014 -0.00975694 0.99995 0.414533
0.701493 -0.712658 -0.00509678 114.539 0.712642 0.701371 0.0148222 63.7803 -0.00698843 -0.0140298 0.999877 0.422435
0.702375 -0.711799 -0.00331116 115.129 0.711685 0.702161 0.0217888 64.4019 -0.0131843 -0.0176604 0.999757 0.428799
0.702828 -0.711339 -0.0054746 115.721 0.711267 0.702591 0.0215633 65.0187 -0.0114924 -0.0190492 0.999753 0.428354
0.70329 -0.710828 -0.0103372 116.314 0.710903 0.703225 0.00954341 65.6289 0.000485633 -0.0140605 0.999901 0.419334
0.70288 -0.711159 -0.0146096 116.903 0.711185 0.702992 -0.00424367 66.2235 0.0132884 -0.00740735 0.999884 0.416561
0.702095 -0.711964 -0.013003 117.501 0.711985 0.702184 -0.00373362 66.8297 0.0117887 -0.00663661 0.999909 0.42545
0.701335 -0.71283 -0.00139591 118.089 0.71281 0.701297 0.00923428 67.4309 -0.00560352 -0.00747135 0.999956 0.447489
0.700233 -0.713784 0.0136295 118.688 0.713415 0.70033 0.0240248 68.0394 -0.0266936 -0.00709947 0.999618 0.471087
0.699314 -0.714652 0.0152411 119.274 0.714171 0.699431 0.0275167 68.6384 -0.0303249 -0.00835811 0.999505 0.47096
0.69882 -0.71529 0.00336943 119.852 0.7151 0.69873 0.0201912 69.2419 -0.0167969 -0.0117006 0.99979 0.447544
0.697629 -0.716422 -0.00725743 120.429 0.716452 0.697542 0.0115111 69.843 -0.00318441 -0.01323 0.999907 0.42095
0.696423 -0.717562 -0.0100056 121.009 0.71763 0.696387 0.00727685 70.4426 0.00174615 -0.012248 0.999923 0.413223
0.694609 -0.719353 -0.00699133 121.593 0.719387 0.694569 0.00752569 71.0483 -0.000557667 -0.0102569 0.999947 0.422786
0.692059 -0.72182 -0.005542 122.164 0.72184 0.692028 0.00668432 71.6452 -0.000989661 -0.00862638 0.999962 0.42789
0.688774 -0.724955 -0.00556107 122.737 0.724976 0.688759 0.00463032 72.2502 0.000473463 -0.00722088 0.999974 0.431046
0.685897 -0.727662 -0.00724171 123.297 0.727697 0.685879 0.00522505 72.8476 0.00116486 -0.00885362 0.99996 0.437463
0.683902 -0.729477 -0.0118835 123.852 0.729573 0.683838 0.00942976 73.4589 0.00124761 -0.0151189 0.999885 0.441763
0.682543 -0.73073 -0.0129703 124.4 0.730845 0.682435 0.0121514 74.0611 -2.80458e-05 -0.0177731 0.999842 0.446557
0.681354 -0.731869 -0.0111729 124.952 0.731942 0.681177 0.0160525 74.6632 -0.00413756 -0.0191154 0.999809 0.451869
0.680578 -0.732621 -0.00894617 125.498 0.732645 0.680386 0.0174914 75.2596 -0.00672775 -0.0184587 0.999807 0.456082
0.679067 -0.734023 -0.00877573 126.047 0.73406 0.678927 0.0146266 75.8606 -0.00477817 -0.0163743 0.999855 0.457427
0.676286 -0.736597 -0.00784671 126.591 0.736638 0.676231 0.00867946 76.4597 -0.00108708 -0.01165 0.999932 0.459978
0.67184 -0.740663 -0.00705146 127.131 0.740694 0.671831 0.00389182 77.0518 0.00185486 -0.00783766 0.999968 0.458859
0.666619 -0.745382 -0.00508715 127.672 0.745399 0.666599 0.00518897 77.6574 -0.000476678 -0.00725101 0.999974 0.46156
0.661606 -0.749851 0.000352586 128.204 0.749803 0.661569 0.011041 78.2618 -0.00851235 -0.00704041 0.999939 0.46843
0.657796 -0.753158 0.007514 128.738 0.752974 0.657812 0.0177291 78.8686 -0.0182956 -0.00600428 0.999815 0.475082
0.654583 -0.755946 0.00824651 129.263 0.755596 0.654554 0.0251493 79.4717 -0.0244093 -0.0102313 0.99965 0.471818
0.651422 -0.758697 0.00533588 129.788 0.758374 0.651324 0.0254155 80.086 -0.0227581 -0.0125097 0.999663 0.456225
0.646642 -0.762793 0.00126217 130.306 0.762661 0.646559 0.0176078 80.6974 -0.0142472 -0.0104233 0.999844 0.435086
0.641237 -0.767342 -0.00125269 130.822 0.767327 0.641212 0.00753258 81.3104 -0.00497682 -0.00579139 0.999971 0.415403
0.636032 -0.771661 -0.00148589 131.338 0.771659 0.636023 0.00405078 81.9372 -0.00218077 -0.00372303 0.999991 0.405718
0.630289 -0.776357 -0.00228026 131.853 0.776342 0.630251 0.00882295 82.5751 -0.00541263 -0.00733127 0.999958 0.403917
0.624084 -0.781337 -0.00566027 132.352 0.781329 0.623984 0.0130015 83.2136 -0.00662663 -0.0125366 0.999899 0.399932
0.616648 -0.78717 -0.0104041 132.856 0.787234 0.616543 0.0117281 83.8634 -0.00281744 -0.0154226 0.999877 0.392063
0.609201 -0.792915 -0.0126659 133.351 0.793015 0.609148 0.008125 84.5082 0.00127295 -0.014994 0.999887 0.382543
0.60253 -0.798005 -0.0121065 133.849 0.798096 0.602477 0.00799424 85.1666 0.000914429 -0.0144789 0.999895 0.381014
0.596045 -0.802866 -0.0116669 134.336 0.802937 0.595888 0.0144672 85.8277 -0.00466305 -0.0179908 0.999827 0.382616
0.589637 -0.807597 -0.0107539 134.814 0.80758 0.589323 0.0226665 86.4958 -0.0119679 -0.0220497 0.999685 0.384244
0.582924 -0.812481 -0.00861991 135.288 0.812356 0.582551 0.0266705 87.1652 -0.0166477 -0.0225493 0.999607 0.380255
0.57737 -0.816455 -0.00677131 135.759 0.816251 0.576988 0.0286424 87.8399 -0.0194782 -0.0220643 0.999567 0.373402
0.57314 -0.819428 -0.00696584 136.225 0.819228 0.572757 0.0285665 88.5155 -0.0194185 -0.0220792 0.999568 0.360561
0.569621 -0.821836 -0.0108608 136.691 0.821768 0.569232 0.0259395 89.2024 -0.0151356 -0.0237008 0.999605 0.347858
0.566379 -0.823931 -0.0187934 137.152 0.824099 0.565958 0.0235231 89.8856 -0.00874517 -0.0288106 0.999547 0.332059
0.563886 -0.825504 -0.023994 137.606 0.825845 0.563519 0.020663 90.5686 -0.00353631 -0.0314669 0.999499 0.319197
0.561486 -0.827139 -0.0239593 138.062 0.827468 0.561044 0.0229373 91.2579 -0.00553017 -0.0327045 0.99945 0.315704
0.55952 -0.82854 -0.0214266 138.515 0.828703 0.55883 0.0309821 91.9528 -0.0136961 -0.0350914 0.99929 0.315081
0.557477 -0.830006 -0.0175634 138.964 0.829854 0.556521 0.0403427 92.6486 -0.0237103 -0.0370652 0.999032 0.318325
0.553526 -0.832702 -0.0146796 139.409 0.832418 0.55261 0.0412591 93.3388 -0.0262445 -0.0350575 0.999041 0.311937
0.549436 -0.835473 -0.0102321 139.856 0.835327 0.548984 0.0290821 94.0192 -0.0186801 -0.0245259 0.999525 0.297082
0.543872 -0.839125 -0.00856651 140.303 0.83911 0.543685 0.0173441 94.7025 -0.00989636 -0.0166212 0.999813 0.281018
0.537898 -0.842928 -0.011768 140.751 0.842978 0.537702 0.016294 95.4009 -0.00740698 -0.0186847 0.999798 0.268773
0.531677 -0.84689 -0.00983143 141.181 0.846853 0.531409 0.0210857 96.0999 -0.0126328 -0.0195365 0.999729 0.26561
0.525123 -0.851023 -0.00233757 141.619 0.850838 0.524947 0.0224867 96.8076 -0.0179096 -0.0137972 0.999744 0.269671
0.519368 -0.854526 0.00646621 142.053 0.854271 0.519377 0.0216471 97.5097 -0.0218564 -0.00571893 0.999745 0.262917
0.514278 -0.857495 0.0148273 142.484 0.857296 0.514482 0.0187607 98.2259 -0.0237156 0.00306311 0.999714 0.255164
0.508998 -0.860562 0.0187963 142.915 0.860536 0.509246 0.0120527 98.9411 -0.019944 0.0100401 0.999751 0.247684
0.503328 -0.863836 0.0211907 143.339 0.864033 0.503435 -0.000318272 99.6554 -0.0103932 0.0184697 0.999775 0.238981
0.497499 -0.867115 0.0246293 143.773 0.867463 0.497351 -0.0122438 100.366 -0.00163265 0.0274563 0.999622 0.227619
0.491391 -0.870705 0.020207 144.203 0.870929 0.491365 -0.00657128 101.074 -0.00420735 0.0208279 0.999774 0.22275
0.486086 -0.873769 0.0157756 144.618 0.873764 0.486256 0.00955204 101.804 -0.0160173 0.00914107 0.99983 0.22086
0.481598 -0.876289 0.0134315 145.029 0.875963 0.481785 0.0239127 102.533 -0.0274255 0.000249229 0.999624 0.223163
0.477829 -0.878362 0.0125907 145.435 0.877937 0.477991 0.0274196 103.273 -0.0301026 -0.00204803 0.999545 0.215245
0.476063 -0.879361 0.00940003 145.842 0.879145 0.476154 0.0195123 104.01 -0.0216342 -0.00102508 0.999765 0.197685
0.4743 -0.880362 -0.00168837 146.234 0.880308 0.474247 0.0121384 104.749 -0.00988548 -0.00724352 0.999925 0.179582
0.47266 -0.881201 -0.00875614 146.628 0.881237 0.472592 0.00880576 105.496 -0.00362156 -0.0118784 0.999923 0.170865
0.471036 -0.882102 -0.00469115 147.022 0.8821 0.470992 0.00812733 106.236 -0.00495963 -0.00796633 0.999956 0.172619
0.470336 -0.882487 0.00094508 147.426 0.882403 0.470305 0.0133406 106.989 -0.0122174 -0.00544063 0.999911 0.17861
0.470779 -0.882246 0.00307148 147.824 0.882036 0.470738 0.0204577 107.745 -0.0194945 -0.00692189 0.999786 0.175752
0.470047 -0.882618 0.00643069 148.219 0.882359 0.470069 0.0218763 108.508 -0.0223313 -0.00460873 0.99974 0.172966
0.468538 -0.883422 0.00607162 148.617 0.883285 0.468573 0.0157019 109.265 -0.0167164 -0.00199398 0.999858 0.1651
0.467023 -0.884189 0.00995403 149.018 0.884234 0.467044 -0.000207542 110.02 -0.00446547 0.00889862 0.99995 0.158966
0.465349 -0.884968 0.0168237 149.423 0.885118 0.465173 -0.0134295 110.777 0.00405878 0.0211404 0.999768 0.1579
0.464183 -0.885527 0.0193882 149.827 0.885733 0.463985 -0.0139593 111.532 0.00336555 0.0236524 0.999715 0.167739
0.462993 -0.886153 0.0192468 150.228 0.886349 0.462994 -0.00465057 112.295 -0.00479003 0.0192125 0.999804 0.179193
0.461397 -0.886982 0.0193561 150.625 0.887103 0.461552 0.00419472 113.056 -0.0126545 0.0152354 0.999804 0.193267
0.460613 -0.887354 0.0209419 151.024 0.887506 0.460781 0.00376594 113.817 -0.0129913 0.0168514 0.999774 0.199975
0.460444 -0.887489 0.0188234 151.419 0.887661 0.460494 -0.00184235 114.574 -0.00703298 0.0175571 0.999821 0.195828
0.460788 -0.887402 0.0138486 151.805 0.887505 0.460783 -0.00370949 115.332 -0.00308939 0.014 0.999897 0.194445
0.460487 -0.887604 0.0105931 152.193 0.887656 0.460507 -0.000539127 116.086 -0.00439968 0.00965131 0.999944 0.200528
0.460008 -0.887862 0.00968519 152.571 0.88788 0.460059 0.00387545 116.829 -0.00789663 0.00681655 0.999946 0.206698
0.459474 -0.888154 0.00814735 152.956 0.888122 0.459533 0.00828589 117.577 -0.0111031 0.00342869 0.999932 0.210959
0.459052 -0.888386 0.00645334 153.333 0.888321 0.459097 0.0107804 118.32 -0.0125398 0.000783892 0.999921 0.210321
0.458646 -0.888595 0.00652956 153.708 0.888565 0.458686 0.00764125 119.061 -0.00978499 0.00229732 0.99995 0.211785
0.457911 -0.888989 0.00407068 154.078 0.888989 0.457922 0.00248558 119.793 -0.00407371 0.00248061 0.999989 0.214972
0.456954 -0.88949 0.00111024 154.448 0.88949 0.456955 0.000704397 120.526 -0.00113388 0.00066567 0.999999 0.218252
0.455289 -0.890342 0.0014744 154.811 0.890321 0.455289 0.00631423 121.247 -0.00629311 -0.00156211 0.999979 0.216573
0.45392 -0.891031 0.0046377 155.176 0.890928 0.453938 0.0136786 121.964 -0.0142933 -0.00207713 0.999896 0.227564
0.453173 -0.891369 0.00981511 155.529 0.891202 0.453278 0.0172698 122.659 -0.0198427 0.000921043 0.999803 0.250504
